code_i,code_j,link,kind
01100,01203,shared boundary,contiguity
01100,01217,shared boundary,contiguity
01100,01224,shared boundary,contiguity
01100,01231,shared boundary,contiguity
01100,01301,shared boundary,contiguity
01100,01302,shared boundary,contiguity
01100,01303,shared boundary,contiguity
01100,01398,shared boundary,contiguity
01100,01399,shared boundary,contiguity
01100,01409,shared boundary,contiguity
01100,01574,shared boundary,contiguity
01202,01335,shared boundary,contiguity
01202,01337,shared boundary,contiguity
01202,01339,shared boundary,contiguity
01202,01340,shared boundary,contiguity
01202,01342,shared boundary,contiguity
01202,01343,shared boundary,contiguity
01203,01302,shared boundary,contiguity
01203,01408,shared boundary,contiguity
01203,01409,shared boundary,contiguity
01204,01216,shared boundary,contiguity
01204,01228,shared boundary,contiguity
01204,01439,shared boundary,contiguity
01204,01452,shared boundary,contiguity
01204,01453,shared boundary,contiguity
01204,01454,shared boundary,contiguity
01204,01455,shared boundary,contiguity
01204,01457,shared boundary,contiguity
01204,01458,shared boundary,contiguity
01204,01459,shared boundary,contiguity
01204,01464,shared boundary,contiguity
01205,01230,shared boundary,contiguity
01205,01233,shared boundary,contiguity
01206,01661,shared boundary,contiguity
01206,01666,shared boundary,contiguity
01206,01667,shared boundary,contiguity
01206,01668,shared boundary,contiguity
01207,01601,shared boundary,contiguity
01207,01602,shared boundary,contiguity
01207,01604,shared boundary,contiguity
01207,01631,shared boundary,contiguity
01207,01637,shared boundary,contiguity
01207,01638,shared boundary,contiguity
01207,01639,shared boundary,contiguity
01207,01643,shared boundary,contiguity
01208,01543,shared boundary,contiguity
01208,01544,shared boundary,contiguity
01208,01548,shared boundary,contiguity
01208,01549,shared boundary,contiguity
01208,01550,shared boundary,contiguity
01208,01551,shared boundary,contiguity
01208,01552,shared boundary,contiguity
01208,01553,shared boundary,contiguity
01209,01210,shared boundary,contiguity
01209,01216,shared boundary,contiguity
01209,01222,shared boundary,contiguity
01209,01422,shared boundary,contiguity
01209,01427,shared boundary,contiguity
01209,01429,shared boundary,contiguity
01209,01462,shared boundary,contiguity
01209,01463,shared boundary,contiguity
01209,01581,shared boundary,contiguity
01209,01583,shared boundary,contiguity
01210,01215,shared boundary,contiguity
01210,01217,shared boundary,contiguity
01210,01222,shared boundary,contiguity
01210,01421,shared boundary,contiguity
01210,01422,shared boundary,contiguity
01211,01541,shared boundary,contiguity
01211,01542,shared boundary,contiguity
01211,01547,shared boundary,contiguity
01211,01548,shared boundary,contiguity
01211,01553,shared boundary,contiguity
01212,01437,shared boundary,contiguity
01212,01438,shared boundary,contiguity
01212,01481,shared boundary,contiguity
01212,01482,shared boundary,contiguity
01213,01224,shared boundary,contiguity
01213,01578,shared boundary,contiguity
01213,01579,shared boundary,contiguity
01213,01581,shared boundary,contiguity
01214,01511,shared boundary,contiguity
01214,01516,shared boundary,contiguity
01215,01216,shared boundary,contiguity
01215,01222,shared boundary,contiguity
01215,01421,shared boundary,contiguity
01215,01424,shared boundary,contiguity
01215,01425,shared boundary,contiguity
01215,01430,shared boundary,contiguity
01215,01431,shared boundary,contiguity
01216,01218,shared boundary,contiguity
01216,01222,shared boundary,contiguity
01216,01227,shared boundary,contiguity
01216,01228,shared boundary,contiguity
01216,01229,shared boundary,contiguity
01216,01424,shared boundary,contiguity
01216,01425,shared boundary,contiguity
01216,01459,shared boundary,contiguity
01216,01461,shared boundary,contiguity
01216,01462,shared boundary,contiguity
01217,01301,shared boundary,contiguity
01217,01303,shared boundary,contiguity
01217,01304,shared boundary,contiguity
01217,01421,shared boundary,contiguity
01217,01422,shared boundary,contiguity
01217,01423,shared boundary,contiguity
01218,01225,shared boundary,contiguity
01218,01226,shared boundary,contiguity
01218,01227,shared boundary,contiguity
01218,01228,shared boundary,contiguity
01219,01555,shared boundary,contiguity
01219,01556,shared boundary,contiguity
01219,01558,shared boundary,contiguity
01219,01559,shared boundary,contiguity
01219,01560,shared boundary,contiguity
01219,01561,shared boundary,contiguity
01220,01439,shared boundary,contiguity
01220,01455,shared boundary,contiguity
01220,01464,shared boundary,contiguity
01220,01465,shared boundary,contiguity
01220,01466,shared boundary,contiguity
01220,01467,shared boundary,contiguity
01221,01439,shared boundary,contiguity
01221,01467,shared boundary,contiguity
01221,01468,shared boundary,contiguity
01221,01469,shared boundary,contiguity
01221,01563,shared boundary,contiguity
01222,01422,shared boundary,contiguity
01223,01663,shared boundary,contiguity
01223,01691,shared boundary,contiguity
01224,01231,shared boundary,contiguity
01224,01427,shared boundary,contiguity
01224,01428,shared boundary,contiguity
01224,01574,shared boundary,contiguity
01224,01578,shared boundary,contiguity
01224,01579,shared boundary,contiguity
01224,01580,shared boundary,contiguity
01225,01226,shared boundary,contiguity
01225,01228,shared boundary,contiguity
01225,01432,shared boundary,contiguity
01225,01433,shared boundary,contiguity
01225,01436,shared boundary,contiguity
01226,01227,shared boundary,contiguity
01226,01424,shared boundary,contiguity
01226,01425,shared boundary,contiguity
01226,01431,shared boundary,contiguity
01226,01432,shared boundary,contiguity
01227,01425,shared boundary,contiguity
01228,01433,shared boundary,contiguity
01228,01434,shared boundary,contiguity
01228,01438,shared boundary,contiguity
01228,01439,shared boundary,contiguity
01228,01482,shared boundary,contiguity
01229,01460,shared boundary,contiguity
01229,01461,shared boundary,contiguity
01229,01462,shared boundary,contiguity
01230,01233,shared boundary,contiguity
01230,01575,shared boundary,contiguity
01230,01578,shared boundary,contiguity
01231,01301,shared boundary,contiguity
01231,01428,shared boundary,contiguity
01233,01572,shared boundary,contiguity
01233,01575,shared boundary,contiguity
01301,01423,shared boundary,contiguity
01301,01428,shared boundary,contiguity
01302,01303,shared boundary,contiguity
01302,01305,shared boundary,contiguity
01303,01304,shared boundary,contiguity
01303,01305,shared boundary,contiguity
01303,01306,shared boundary,contiguity
01303,01430,shared boundary,contiguity
01303,01431,shared boundary,contiguity
01303,01432,shared boundary,contiguity
01304,01421,shared boundary,contiguity
01304,01430,shared boundary,contiguity
01305,01306,shared boundary,contiguity
01306,01432,shared boundary,contiguity
01306,01481,shared boundary,contiguity
01331,01332,shared boundary,contiguity
01331,01362,shared boundary,contiguity
01332,01333,shared boundary,contiguity
01332,01362,shared boundary,contiguity
01333,01334,shared boundary,contiguity
01333,01362,shared boundary,contiguity
01334,01335,shared boundary,contiguity
01334,01362,shared boundary,contiguity
01334,01363,shared boundary,contiguity
01335,01336,shared boundary,contiguity
01335,01337,shared boundary,contiguity
01335,01363,shared boundary,contiguity
01336,01337,shared boundary,contiguity
01336,01345,shared boundary,contiguity
01336,01363,shared boundary,contiguity
01337,01343,shared boundary,contiguity
01337,01345,shared boundary,contiguity
01339,01340,shared boundary,contiguity
01340,01341,shared boundary,contiguity
01340,01342,shared boundary,contiguity
01341,01342,shared boundary,contiguity
01342,01343,shared boundary,contiguity
01343,01344,shared boundary,contiguity
01343,01345,shared boundary,contiguity
01344,01345,shared boundary,contiguity
01345,01346,shared boundary,contiguity
01345,01363,shared boundary,contiguity
01346,01347,shared boundary,contiguity
01346,01363,shared boundary,contiguity
01346,01364,shared boundary,contiguity
01346,01365,shared boundary,contiguity
01346,01369,shared boundary,contiguity
01346,01370,shared boundary,contiguity
01347,01370,shared boundary,contiguity
01347,01391,shared boundary,contiguity
01347,01393,shared boundary,contiguity
01347,01571,shared boundary,contiguity
01361,01362,shared boundary,contiguity
01361,01363,shared boundary,contiguity
01361,01364,shared boundary,contiguity
01362,01363,shared boundary,contiguity
01363,01364,shared boundary,contiguity
01364,01365,shared boundary,contiguity
01365,01366,shared boundary,contiguity
01365,01369,shared boundary,contiguity
01366,01369,shared boundary,contiguity
01368,01369,shared boundary,contiguity
01368,01391,shared boundary,contiguity
01369,01370,shared boundary,contiguity
01369,01391,shared boundary,contiguity
01370,01391,shared boundary,contiguity
01391,01392,shared boundary,contiguity
01391,01393,shared boundary,contiguity
01392,01393,shared boundary,contiguity
01392,01394,shared boundary,contiguity
01393,01394,shared boundary,contiguity
01393,01571,shared boundary,contiguity
01394,01395,shared boundary,contiguity
01394,01400,shared boundary,contiguity
01394,01401,shared boundary,contiguity
01394,01402,shared boundary,contiguity
01394,01571,shared boundary,contiguity
01395,01396,shared boundary,contiguity
01395,01398,shared boundary,contiguity
01395,01399,shared boundary,contiguity
01395,01400,shared boundary,contiguity
01395,01571,shared boundary,contiguity
01396,01397,shared boundary,contiguity
01396,01398,shared boundary,contiguity
01396,01399,shared boundary,contiguity
01396,01400,shared boundary,contiguity
01396,01571,shared boundary,contiguity
01396,01573,shared boundary,contiguity
01397,01398,shared boundary,contiguity
01397,01573,shared boundary,contiguity
01397,01574,shared boundary,contiguity
01398,01399,shared boundary,contiguity
01398,01400,shared boundary,contiguity
01398,01574,shared boundary,contiguity
01399,01400,shared boundary,contiguity
01399,01409,shared boundary,contiguity
01400,01401,shared boundary,contiguity
01400,01407,shared boundary,contiguity
01400,01409,shared boundary,contiguity
01401,01402,shared boundary,contiguity
01401,01403,shared boundary,contiguity
01401,01406,shared boundary,contiguity
01401,01407,shared boundary,contiguity
01403,01404,shared boundary,contiguity
01403,01406,shared boundary,contiguity
01404,01405,shared boundary,contiguity
01404,01406,shared boundary,contiguity
01405,01406,shared boundary,contiguity
01406,01407,shared boundary,contiguity
01406,01408,shared boundary,contiguity
01407,01408,shared boundary,contiguity
01407,01409,shared boundary,contiguity
01408,01409,shared boundary,contiguity
01421,01430,shared boundary,contiguity
01422,01423,shared boundary,contiguity
01422,01428,shared boundary,contiguity
01422,01429,shared boundary,contiguity
01423,01428,shared boundary,contiguity
01424,01425,shared boundary,contiguity
01424,01431,shared boundary,contiguity
01424,01432,shared boundary,contiguity
01427,01428,shared boundary,contiguity
01427,01429,shared boundary,contiguity
01427,01579,shared boundary,contiguity
01427,01580,shared boundary,contiguity
01427,01581,shared boundary,contiguity
01428,01429,shared boundary,contiguity
01430,01431,shared boundary,contiguity
01431,01432,shared boundary,contiguity
01432,01436,shared boundary,contiguity
01432,01481,shared boundary,contiguity
01433,01434,shared boundary,contiguity
01433,01436,shared boundary,contiguity
01433,01437,shared boundary,contiguity
01434,01437,shared boundary,contiguity
01434,01438,shared boundary,contiguity
01436,01437,shared boundary,contiguity
01436,01481,shared boundary,contiguity
01437,01438,shared boundary,contiguity
01437,01481,shared boundary,contiguity
01438,01482,shared boundary,contiguity
01439,01464,shared boundary,contiguity
01439,01467,shared boundary,contiguity
01439,01469,shared boundary,contiguity
01439,01471,shared boundary,contiguity
01439,01482,shared boundary,contiguity
01439,01483,shared boundary,contiguity
01439,01484,shared boundary,contiguity
01439,01486,shared boundary,contiguity
01452,01464,shared boundary,contiguity
01453,01458,shared boundary,contiguity
01453,01459,shared boundary,contiguity
01454,01455,shared boundary,contiguity
01454,01456,shared boundary,contiguity
01454,01457,shared boundary,contiguity
01455,01456,shared boundary,contiguity
01455,01464,shared boundary,contiguity
01455,01466,shared boundary,contiguity
01456,01457,shared boundary,contiguity
01456,01466,shared boundary,contiguity
01457,01458,shared boundary,contiguity
01457,01459,shared boundary,contiguity
01457,01466,shared boundary,contiguity
01457,01551,shared boundary,contiguity
01457,01556,shared boundary,contiguity
01457,01557,shared boundary,contiguity
01457,01560,shared boundary,contiguity
01457,01633,shared boundary,contiguity
01457,01635,shared boundary,contiguity
01458,01459,shared boundary,contiguity
01459,01460,shared boundary,contiguity
01459,01461,shared boundary,contiguity
01459,01635,shared boundary,contiguity
01460,01461,shared boundary,contiguity
01460,01462,shared boundary,contiguity
01460,01635,shared boundary,contiguity
01462,01463,shared boundary,contiguity
01462,01601,shared boundary,contiguity
01462,01635,shared boundary,contiguity
01462,01636,shared boundary,contiguity
01463,01583,shared boundary,contiguity
01463,01601,shared boundary,contiguity
01463,01602,shared boundary,contiguity
01464,01465,shared boundary,contiguity
01466,01467,shared boundary,contiguity
01466,01468,shared boundary,contiguity
01466,01560,shared boundary,contiguity
01467,01468,shared boundary,contiguity
01468,01560,shared boundary,contiguity
01468,01562,shared boundary,contiguity
01468,01563,shared boundary,contiguity
01469,01470,shared boundary,contiguity
01469,01471,shared boundary,contiguity
01469,01514,shared boundary,contiguity
01469,01515,shared boundary,contiguity
01469,01563,shared boundary,contiguity
01470,01471,shared boundary,contiguity
01470,01513,shared boundary,contiguity
01470,01515,shared boundary,contiguity
01471,01486,shared boundary,contiguity
01471,01487,shared boundary,contiguity
01471,01488,shared boundary,contiguity
01471,01513,shared boundary,contiguity
01482,01483,shared boundary,contiguity
01483,01484,shared boundary,contiguity
01484,01485,shared boundary,contiguity
01484,01486,shared boundary,contiguity
01485,01486,shared boundary,contiguity
01486,01487,shared boundary,contiguity
01487,01488,shared boundary,contiguity
01488,01511,shared boundary,contiguity
01488,01512,shared boundary,contiguity
01488,01513,shared boundary,contiguity
01488,01516,shared boundary,contiguity
01511,01512,shared boundary,contiguity
01511,01516,shared boundary,contiguity
01512,01513,shared boundary,contiguity
01512,01514,shared boundary,contiguity
01512,01515,shared boundary,contiguity
01513,01515,shared boundary,contiguity
01514,01515,shared boundary,contiguity
01514,01563,shared boundary,contiguity
01518,01519,shared boundary,contiguity
01541,01542,shared boundary,contiguity
01541,01543,shared boundary,contiguity
01541,01547,shared boundary,contiguity
01542,01543,shared boundary,contiguity
01542,01548,shared boundary,contiguity
01543,01544,shared boundary,contiguity
01543,01547,shared boundary,contiguity
01543,01548,shared boundary,contiguity
01543,01665,shared boundary,contiguity
01544,01549,shared boundary,contiguity
01544,01647,shared boundary,contiguity
01544,01648,shared boundary,contiguity
01544,01665,shared boundary,contiguity
01544,01666,shared boundary,contiguity
01545,01546,shared boundary,contiguity
01545,01547,shared boundary,contiguity
01545,01693,shared boundary,contiguity
01545,01694,shared boundary,contiguity
01546,01547,shared boundary,contiguity
01546,01665,shared boundary,contiguity
01546,01692,shared boundary,contiguity
01546,01693,shared boundary,contiguity
01547,01665,shared boundary,contiguity
01548,01553,shared boundary,contiguity
01549,01550,shared boundary,contiguity
01549,01551,shared boundary,contiguity
01549,01648,shared boundary,contiguity
01550,01551,shared boundary,contiguity
01550,01633,shared boundary,contiguity
01550,01647,shared boundary,contiguity
01550,01648,shared boundary,contiguity
01551,01552,shared boundary,contiguity
01551,01554,shared boundary,contiguity
01551,01556,shared boundary,contiguity
01551,01633,shared boundary,contiguity
01552,01553,shared boundary,contiguity
01552,01554,shared boundary,contiguity
01552,01559,shared boundary,contiguity
01553,01559,shared boundary,contiguity
01554,01555,shared boundary,contiguity
01554,01556,shared boundary,contiguity
01554,01559,shared boundary,contiguity
01555,01556,shared boundary,contiguity
01555,01558,shared boundary,contiguity
01555,01559,shared boundary,contiguity
01556,01557,shared boundary,contiguity
01556,01560,shared boundary,contiguity
01557,01560,shared boundary,contiguity
01558,01559,shared boundary,contiguity
01560,01561,shared boundary,contiguity
01560,01562,shared boundary,contiguity
01561,01562,shared boundary,contiguity
01561,01563,shared boundary,contiguity
01562,01563,shared boundary,contiguity
01571,01572,shared boundary,contiguity
01571,01573,shared boundary,contiguity
01572,01573,shared boundary,contiguity
01572,01575,shared boundary,contiguity
01573,01574,shared boundary,contiguity
01573,01575,shared boundary,contiguity
01574,01575,shared boundary,contiguity
01574,01578,shared boundary,contiguity
01575,01578,shared boundary,contiguity
01579,01580,shared boundary,contiguity
01579,01581,shared boundary,contiguity
01581,01582,shared boundary,contiguity
01581,01583,shared boundary,contiguity
01582,01583,shared boundary,contiguity
01582,01602,shared boundary,contiguity
01582,01603,shared boundary,contiguity
01583,01602,shared boundary,contiguity
01601,01602,shared boundary,contiguity
01601,01636,shared boundary,contiguity
01601,01637,shared boundary,contiguity
01602,01603,shared boundary,contiguity
01602,01604,shared boundary,contiguity
01603,01604,shared boundary,contiguity
01604,01605,shared boundary,contiguity
01604,01638,shared boundary,contiguity
01605,01606,shared boundary,contiguity
01605,01607,shared boundary,contiguity
01605,01638,shared boundary,contiguity
01605,01641,shared boundary,contiguity
01606,01607,shared boundary,contiguity
01607,01608,shared boundary,contiguity
01607,01641,shared boundary,contiguity
01607,01642,shared boundary,contiguity
01608,01609,shared boundary,contiguity
01608,01642,shared boundary,contiguity
01609,01642,shared boundary,contiguity
01631,01632,shared boundary,contiguity
01631,01634,shared boundary,contiguity
01631,01637,shared boundary,contiguity
01631,01643,shared boundary,contiguity
01631,01644,shared boundary,contiguity
01632,01633,shared boundary,contiguity
01632,01634,shared boundary,contiguity
01632,01644,shared boundary,contiguity
01632,01646,shared boundary,contiguity
01633,01634,shared boundary,contiguity
01633,01635,shared boundary,contiguity
01633,01646,shared boundary,contiguity
01633,01647,shared boundary,contiguity
01634,01635,shared boundary,contiguity
01634,01636,shared boundary,contiguity
01634,01637,shared boundary,contiguity
01635,01636,shared boundary,contiguity
01636,01637,shared boundary,contiguity
01638,01639,shared boundary,contiguity
01638,01641,shared boundary,contiguity
01639,01640,shared boundary,contiguity
01639,01641,shared boundary,contiguity
01639,01643,shared boundary,contiguity
01640,01641,shared boundary,contiguity
01640,01643,shared boundary,contiguity
01640,01645,shared boundary,contiguity
01641,01642,shared boundary,contiguity
01641,01645,shared boundary,contiguity
01643,01644,shared boundary,contiguity
01643,01645,shared boundary,contiguity
01644,01645,shared boundary,contiguity
01644,01646,shared boundary,contiguity
01644,01649,shared boundary,contiguity
01645,01649,shared boundary,contiguity
01646,01647,shared boundary,contiguity
01646,01649,shared boundary,contiguity
01646,01668,shared boundary,contiguity
01647,01648,shared boundary,contiguity
01647,01666,shared boundary,contiguity
01647,01668,shared boundary,contiguity
01649,01668,shared boundary,contiguity
01649,01669,shared boundary,contiguity
01661,01662,shared boundary,contiguity
01661,01664,shared boundary,contiguity
01661,01667,shared boundary,contiguity
01662,01663,shared boundary,contiguity
01662,01664,shared boundary,contiguity
01662,01691,shared boundary,contiguity
01663,01691,shared boundary,contiguity
01664,01665,shared boundary,contiguity
01664,01666,shared boundary,contiguity
01664,01667,shared boundary,contiguity
01664,01691,shared boundary,contiguity
01664,01692,shared boundary,contiguity
01665,01666,shared boundary,contiguity
01665,01667,shared boundary,contiguity
01665,01692,shared boundary,contiguity
01666,01667,shared boundary,contiguity
01666,01668,shared boundary,contiguity
01668,01669,shared boundary,contiguity
01691,01692,shared boundary,contiguity
01691,01693,shared boundary,contiguity
01692,01693,shared boundary,contiguity
01693,01694,shared boundary,contiguity
02201,02204,shared boundary,contiguity
02201,02205,shared boundary,contiguity
02201,02206,shared boundary,contiguity
02201,02301,shared boundary,contiguity
02201,02304,shared boundary,contiguity
02201,02364,shared boundary,contiguity
02201,02365,shared boundary,contiguity
02201,02382,shared boundary,contiguity
02201,02404,shared boundary,contiguity
02201,02409,shared boundary,contiguity
02202,02321,shared boundary,contiguity
02202,02324,shared boundary,contiguity
02202,02341,shared boundary,contiguity
02202,02342,shared boundary,contiguity
02202,02343,shared boundary,contiguity
02202,02361,shared boundary,contiguity
02202,02362,shared boundary,contiguity
02202,02363,shared boundary,contiguity
02202,02365,shared boundary,contiguity
02202,02367,shared boundary,contiguity
02202,02381,shared boundary,contiguity
02202,02384,shared boundary,contiguity
02202,05325,shared boundary,contiguity
02203,02403,shared boundary,contiguity
02203,02410,shared boundary,contiguity
02203,02442,shared boundary,contiguity
02203,02446,shared boundary,contiguity
02203,02447,shared boundary,contiguity
02203,02448,shared boundary,contiguity
02204,02363,shared boundary,contiguity
02204,02364,shared boundary,contiguity
02204,02365,shared boundary,contiguity
02204,02366,shared boundary,contiguity
02204,02367,shared boundary,contiguity
02205,02322,shared boundary,contiguity
02205,02326,shared boundary,contiguity
02205,02327,shared boundary,contiguity
02205,02364,shared boundary,contiguity
02205,02381,shared boundary,contiguity
02205,02382,shared boundary,contiguity
02205,02384,shared boundary,contiguity
02206,02402,shared boundary,contiguity
02206,02404,shared boundary,contiguity
02206,02405,shared boundary,contiguity
02206,02407,shared boundary,contiguity
02206,02409,shared boundary,contiguity
02206,02442,shared boundary,contiguity
02206,02449,shared boundary,contiguity
02206,02450,shared boundary,contiguity
02207,02403,shared boundary,contiguity
02207,02405,shared boundary,contiguity
02207,02407,shared boundary,contiguity
02207,02410,shared boundary,contiguity
02207,02411,shared boundary,contiguity
02208,02406,shared boundary,contiguity
02208,02421,shared boundary,contiguity
02208,02422,shared boundary,contiguity
02208,02424,shared boundary,contiguity
02301,02401,shared boundary,contiguity
02301,02408,shared boundary,contiguity
02301,02409,shared boundary,contiguity
02302,02303,shared boundary,contiguity
02302,02304,shared boundary,contiguity
02302,02305,shared boundary,contiguity
02302,02383,shared boundary,contiguity
02302,02385,shared boundary,contiguity
02303,02305,shared boundary,contiguity
02303,02306,shared boundary,contiguity
02303,02385,shared boundary,contiguity
02304,02382,shared boundary,contiguity
02304,02383,shared boundary,contiguity
02306,02385,shared boundary,contiguity
02306,02386,shared boundary,contiguity
02321,02322,shared boundary,contiguity
02321,02323,shared boundary,contiguity
02321,02324,shared boundary,contiguity
02321,02341,shared boundary,contiguity
02321,02343,shared boundary,contiguity
02321,05343,shared boundary,contiguity
02321,05346,shared boundary,contiguity
02322,02324,shared boundary,contiguity
02322,02326,shared boundary,contiguity
02322,02327,shared boundary,contiguity
02322,02328,shared boundary,contiguity
02323,02325,shared boundary,contiguity
02323,05343,shared boundary,contiguity
02324,02326,shared boundary,contiguity
02324,02384,shared boundary,contiguity
02325,05343,shared boundary,contiguity
02326,02384,shared boundary,contiguity
02327,02328,shared boundary,contiguity
02327,02382,shared boundary,contiguity
02327,02383,shared boundary,contiguity
02328,02383,shared boundary,contiguity
02328,02385,shared boundary,contiguity
02341,02342,shared boundary,contiguity
02341,02343,shared boundary,contiguity
02342,02343,shared boundary,contiguity
02342,05325,shared boundary,contiguity
02343,05325,shared boundary,contiguity
02343,05346,shared boundary,contiguity
02361,02366,shared boundary,contiguity
02361,02367,shared boundary,contiguity
02361,02381,shared boundary,contiguity
02362,02365,shared boundary,contiguity
02362,02368,shared boundary,contiguity
02362,05204,shared boundary,contiguity
02362,05325,shared boundary,contiguity
02363,02365,shared boundary,contiguity
02363,02367,shared boundary,contiguity
02364,02366,shared boundary,contiguity
02364,02381,shared boundary,contiguity
02365,02368,shared boundary,contiguity
02365,02404,shared boundary,contiguity
02365,05303,shared boundary,contiguity
02366,02367,shared boundary,contiguity
02366,02381,shared boundary,contiguity
02368,05204,shared boundary,contiguity
02368,05303,shared boundary,contiguity
02381,02384,shared boundary,contiguity
02382,02383,shared boundary,contiguity
02383,02385,shared boundary,contiguity
02385,02386,shared boundary,contiguity
02401,02406,shared boundary,contiguity
02401,02408,shared boundary,contiguity
02401,02411,shared boundary,contiguity
02402,02407,shared boundary,contiguity
02402,02409,shared boundary,contiguity
02403,02410,shared boundary,contiguity
02404,02450,shared boundary,contiguity
02404,05209,shared boundary,contiguity
02404,05303,shared boundary,contiguity
02405,02407,shared boundary,contiguity
02405,02410,shared boundary,contiguity
02405,02442,shared boundary,contiguity
02406,02411,shared boundary,contiguity
02406,02424,shared boundary,contiguity
02407,02408,shared boundary,contiguity
02407,02409,shared boundary,contiguity
02408,02409,shared boundary,contiguity
02408,02411,shared boundary,contiguity
02410,02442,shared boundary,contiguity
02411,02424,shared boundary,contiguity
02421,02422,shared boundary,contiguity
02421,02426,shared boundary,contiguity
02421,02427,shared boundary,contiguity
02422,02423,shared boundary,contiguity
02422,02425,shared boundary,contiguity
02422,02426,shared boundary,contiguity
02423,02425,shared boundary,contiguity
02423,02426,shared boundary,contiguity
02426,02427,shared boundary,contiguity
02441,02443,shared boundary,contiguity
02441,02444,shared boundary,contiguity
02441,02445,shared boundary,contiguity
02441,02450,shared boundary,contiguity
02441,03213,shared boundary,contiguity
02441,05209,shared boundary,contiguity
02442,02444,shared boundary,contiguity
02442,02445,shared boundary,contiguity
02442,02447,shared boundary,contiguity
02442,02449,shared boundary,contiguity
02442,02450,shared boundary,contiguity
02443,03213,shared boundary,contiguity
02443,03521,shared boundary,contiguity
02443,03523,shared boundary,contiguity
02443,05209,shared boundary,contiguity
02444,02445,shared boundary,contiguity
02444,02447,shared boundary,contiguity
02444,02448,shared boundary,contiguity
02444,03213,shared boundary,contiguity
02444,03501,shared boundary,contiguity
02445,02450,shared boundary,contiguity
02446,02448,shared boundary,contiguity
02446,03501,shared boundary,contiguity
02446,03502,shared boundary,contiguity
02447,02448,shared boundary,contiguity
02448,03501,shared boundary,contiguity
02449,02450,shared boundary,contiguity
02450,05209,shared boundary,contiguity
03201,03301,shared boundary,contiguity
03201,03305,shared boundary,contiguity
03201,03307,shared boundary,contiguity
03201,03321,shared boundary,contiguity
03201,03323,shared boundary,contiguity
03201,03341,shared boundary,contiguity
03201,03483,shared boundary,contiguity
03201,03487,shared boundary,contiguity
03202,03481,shared boundary,contiguity
03202,03482,shared boundary,contiguity
03202,03483,shared boundary,contiguity
03202,03486,shared boundary,contiguity
03203,03210,shared boundary,contiguity
03203,03211,shared boundary,contiguity
03203,03441,shared boundary,contiguity
03203,03442,shared boundary,contiguity
03204,03212,shared boundary,contiguity
03204,03381,shared boundary,contiguity
03204,03382,shared boundary,contiguity
03204,03383,shared boundary,contiguity
03204,03421,shared boundary,contiguity
03204,03424,shared boundary,contiguity
03205,03206,shared boundary,contiguity
03205,03301,shared boundary,contiguity
03205,03342,shared boundary,contiguity
03205,03361,shared boundary,contiguity
03205,03362,shared boundary,contiguity
03205,03364,shared boundary,contiguity
03205,03365,shared boundary,contiguity
03206,03212,shared boundary,contiguity
03206,03361,shared boundary,contiguity
03206,03362,shared boundary,contiguity
03206,03364,shared boundary,contiguity
03206,03381,shared boundary,contiguity
03207,03483,shared boundary,contiguity
03207,03502,shared boundary,contiguity
03207,03503,shared boundary,contiguity
03207,03504,shared boundary,contiguity
03207,03505,shared boundary,contiguity
03208,03211,shared boundary,contiguity
03208,03212,shared boundary,contiguity
03208,03341,shared boundary,contiguity
03208,03361,shared boundary,contiguity
03208,03441,shared boundary,contiguity
03208,03461,shared boundary,contiguity
03208,03462,shared boundary,contiguity
03208,03487,shared boundary,contiguity
03209,03383,shared boundary,contiguity
03209,03384,shared boundary,contiguity
03209,03401,shared boundary,contiguity
03209,03402,shared boundary,contiguity
03209,03424,shared boundary,contiguity
03209,03426,shared boundary,contiguity
03209,04523,shared boundary,contiguity
03209,04528,shared boundary,contiguity
03209,04530,shared boundary,contiguity
03209,05464,shared boundary,contiguity
03210,03421,shared boundary,contiguity
03210,03425,shared boundary,contiguity
03210,03441,shared boundary,contiguity
03210,04205,shared boundary,contiguity
03210,04604,shared boundary,contiguity
03211,03441,shared boundary,contiguity
03211,03442,shared boundary,contiguity
03211,03461,shared boundary,contiguity
03212,03361,shared boundary,contiguity
03212,03381,shared boundary,contiguity
03212,03421,shared boundary,contiguity
03212,03441,shared boundary,contiguity
03213,03501,shared boundary,contiguity
03213,03506,shared boundary,contiguity
03213,03521,shared boundary,contiguity
03213,03524,shared boundary,contiguity
03301,03305,shared boundary,contiguity
03301,03306,shared boundary,contiguity
03301,03321,shared boundary,contiguity
03301,03322,shared boundary,contiguity
03301,03323,shared boundary,contiguity
03301,03342,shared boundary,contiguity
03301,03365,shared boundary,contiguity
03301,05426,shared boundary,contiguity
03302,03303,shared boundary,contiguity
03302,03307,shared boundary,contiguity
03302,03483,shared boundary,contiguity
03302,03504,shared boundary,contiguity
03302,03506,shared boundary,contiguity
03302,03524,shared boundary,contiguity
03303,03304,shared boundary,contiguity
03303,03307,shared boundary,contiguity
03303,03524,shared boundary,contiguity
03304,03305,shared boundary,contiguity
03304,03306,shared boundary,contiguity
03304,03307,shared boundary,contiguity
03304,03521,shared boundary,contiguity
03304,03523,shared boundary,contiguity
03304,03524,shared boundary,contiguity
03305,03306,shared boundary,contiguity
03305,03307,shared boundary,contiguity
03306,03523,shared boundary,contiguity
03306,05426,shared boundary,contiguity
03307,03483,shared boundary,contiguity
03321,03322,shared boundary,contiguity
03321,03323,shared boundary,contiguity
03321,03341,shared boundary,contiguity
03321,03342,shared boundary,contiguity
03322,03323,shared boundary,contiguity
03341,03342,shared boundary,contiguity
03341,03361,shared boundary,contiguity
03341,03462,shared boundary,contiguity
03341,03487,shared boundary,contiguity
03342,03361,shared boundary,contiguity
03361,03462,shared boundary,contiguity
03362,03363,shared boundary,contiguity
03362,03364,shared boundary,contiguity
03362,03365,shared boundary,contiguity
03362,03381,shared boundary,contiguity
03362,03383,shared boundary,contiguity
03363,03365,shared boundary,contiguity
03363,03383,shared boundary,contiguity
03363,05424,shared boundary,contiguity
03363,05432,shared boundary,contiguity
03363,05446,shared boundary,contiguity
03363,05464,shared boundary,contiguity
03365,05423,shared boundary,contiguity
03365,05426,shared boundary,contiguity
03365,05431,shared boundary,contiguity
03365,05432,shared boundary,contiguity
03381,03383,shared boundary,contiguity
03382,03383,shared boundary,contiguity
03382,03384,shared boundary,contiguity
03382,03402,shared boundary,contiguity
03382,03424,shared boundary,contiguity
03383,03384,shared boundary,contiguity
03383,05464,shared boundary,contiguity
03384,03402,shared boundary,contiguity
03401,03422,shared boundary,contiguity
03401,03426,shared boundary,contiguity
03401,04522,shared boundary,contiguity
03401,04528,shared boundary,contiguity
03401,04543,shared boundary,contiguity
03401,04544,shared boundary,contiguity
03401,04547,shared boundary,contiguity
03402,03424,shared boundary,contiguity
03421,03423,shared boundary,contiguity
03421,03424,shared boundary,contiguity
03421,03425,shared boundary,contiguity
03421,03441,shared boundary,contiguity
03422,03423,shared boundary,contiguity
03422,03425,shared boundary,contiguity
03422,03426,shared boundary,contiguity
03422,04543,shared boundary,contiguity
03422,04603,shared boundary,contiguity
03423,03424,shared boundary,contiguity
03423,03425,shared boundary,contiguity
03423,03426,shared boundary,contiguity
03424,03426,shared boundary,contiguity
03425,04205,shared boundary,contiguity
03425,04603,shared boundary,contiguity
03461,03482,shared boundary,contiguity
03461,03487,shared boundary,contiguity
03481,03483,shared boundary,contiguity
03482,03486,shared boundary,contiguity
03482,03487,shared boundary,contiguity
03483,03484,shared boundary,contiguity
03483,03485,shared boundary,contiguity
03483,03486,shared boundary,contiguity
03483,03487,shared boundary,contiguity
03483,03503,shared boundary,contiguity
03483,03504,shared boundary,contiguity
03484,03485,shared boundary,contiguity
03485,03503,shared boundary,contiguity
03486,03487,shared boundary,contiguity
03501,03502,shared boundary,contiguity
03501,03504,shared boundary,contiguity
03501,03505,shared boundary,contiguity
03501,03506,shared boundary,contiguity
03502,03505,shared boundary,contiguity
03504,03505,shared boundary,contiguity
03504,03506,shared boundary,contiguity
03506,03524,shared boundary,contiguity
03521,03523,shared boundary,contiguity
03521,03524,shared boundary,contiguity
03523,05209,shared boundary,contiguity
03523,05426,shared boundary,contiguity
04201,04207,shared boundary,contiguity
04201,04209,shared boundary,contiguity
04201,04210,shared boundary,contiguity
04201,04322,shared boundary,contiguity
04201,04324,shared boundary,contiguity
04201,04382,shared boundary,contiguity
04201,04404,shared boundary,contiguity
04201,04405,shared boundary,contiguity
04201,04406,shared boundary,contiguity
04201,04423,shared boundary,contiguity
04202,04561,shared boundary,contiguity
04202,04562,shared boundary,contiguity
04202,04564,shared boundary,contiguity
04202,04581,shared boundary,contiguity
04202,04582,shared boundary,contiguity
04203,04209,shared boundary,contiguity
04203,04404,shared boundary,contiguity
04203,04406,shared boundary,contiguity
04203,04566,shared boundary,contiguity
04204,04441,shared boundary,contiguity
04204,04461,shared boundary,contiguity
04204,04462,shared boundary,contiguity
04204,04481,shared boundary,contiguity
04204,04502,shared boundary,contiguity
04204,04503,shared boundary,contiguity
04204,04524,shared boundary,contiguity
04205,04603,shared boundary,contiguity
04205,04604,shared boundary,contiguity
04206,04208,shared boundary,contiguity
04206,04301,shared boundary,contiguity
04206,04302,shared boundary,contiguity
04206,04321,shared boundary,contiguity
04206,04341,shared boundary,contiguity
04206,07201,shared boundary,contiguity
04206,07301,shared boundary,contiguity
04206,07303,shared boundary,contiguity
04206,07304,shared boundary,contiguity
04207,04211,shared boundary,contiguity
04207,04322,shared boundary,contiguity
04208,04321,shared boundary,contiguity
04208,04323,shared boundary,contiguity
04208,04341,shared boundary,contiguity
04208,04361,shared boundary,contiguity
04208,04362,shared boundary,contiguity
04209,04404,shared boundary,contiguity
04209,04406,shared boundary,contiguity
04210,04405,shared boundary,contiguity
04210,04421,shared boundary,contiguity
04210,04423,shared boundary,contiguity
04211,04322,shared boundary,contiguity
04211,04323,shared boundary,contiguity
04211,04361,shared boundary,contiguity
04301,04302,shared boundary,contiguity
04301,04321,shared boundary,contiguity
04301,04322,shared boundary,contiguity
04301,04324,shared boundary,contiguity
04301,06201,shared boundary,contiguity
04301,06207,shared boundary,contiguity
04302,06207,shared boundary,contiguity
04302,06381,shared boundary,contiguity
04302,07201,shared boundary,contiguity
04321,04322,shared boundary,contiguity
04321,04323,shared boundary,contiguity
04322,04323,shared boundary,contiguity
04322,04324,shared boundary,contiguity
04323,04361,shared boundary,contiguity
04324,04382,shared boundary,contiguity
04324,06201,shared boundary,contiguity
04324,06207,shared boundary,contiguity
04341,04362,shared boundary,contiguity
04341,07209,shared boundary,contiguity
04341,07304,shared boundary,contiguity
04341,07306,shared boundary,contiguity
04341,07561,shared boundary,contiguity
04361,04362,shared boundary,contiguity
04362,07561,shared boundary,contiguity
04382,04405,shared boundary,contiguity
04382,06201,shared boundary,contiguity
04382,06211,shared boundary,contiguity
04401,04406,shared boundary,contiguity
04401,04422,shared boundary,contiguity
04401,04463,shared boundary,contiguity
04401,04504,shared boundary,contiguity
04401,04566,shared boundary,contiguity
04405,04421,shared boundary,contiguity
04405,04442,shared boundary,contiguity
04405,04444,shared boundary,contiguity
04405,06211,shared boundary,contiguity
04405,06212,shared boundary,contiguity
04406,04421,shared boundary,contiguity
04406,04422,shared boundary,contiguity
04406,04423,shared boundary,contiguity
04421,04422,shared boundary,contiguity
04421,04423,shared boundary,contiguity
04421,04424,shared boundary,contiguity
04421,04444,shared boundary,contiguity
04422,04424,shared boundary,contiguity
04422,04461,shared boundary,contiguity
04422,04462,shared boundary,contiguity
04422,04463,shared boundary,contiguity
04424,04444,shared boundary,contiguity
04424,04462,shared boundary,contiguity
04441,04443,shared boundary,contiguity
04441,04444,shared boundary,contiguity
04441,04462,shared boundary,contiguity
04441,04481,shared boundary,contiguity
04441,04482,shared boundary,contiguity
04442,04443,shared boundary,contiguity
04442,04444,shared boundary,contiguity
04442,06212,shared boundary,contiguity
04442,06362,shared boundary,contiguity
04443,04444,shared boundary,contiguity
04443,04482,shared boundary,contiguity
04443,06362,shared boundary,contiguity
04444,04462,shared boundary,contiguity
04444,06212,shared boundary,contiguity
04461,04462,shared boundary,contiguity
04461,04463,shared boundary,contiguity
04461,04503,shared boundary,contiguity
04461,04504,shared boundary,contiguity
04463,04504,shared boundary,contiguity
04481,04482,shared boundary,contiguity
04481,04524,shared boundary,contiguity
04481,04525,shared boundary,contiguity
04482,04525,shared boundary,contiguity
04482,04530,shared boundary,contiguity
04482,05462,shared boundary,contiguity
04482,05465,shared boundary,contiguity
04482,06362,shared boundary,contiguity
04501,04502,shared boundary,contiguity
04501,04503,shared boundary,contiguity
04501,04504,shared boundary,contiguity
04501,04545,shared boundary,contiguity
04501,04546,shared boundary,contiguity
04501,04564,shared boundary,contiguity
04501,04565,shared boundary,contiguity
04502,04503,shared boundary,contiguity
04502,04524,shared boundary,contiguity
04502,04526,shared boundary,contiguity
04502,04546,shared boundary,contiguity
04502,04548,shared boundary,contiguity
04503,04504,shared boundary,contiguity
04504,04562,shared boundary,contiguity
04504,04564,shared boundary,contiguity
04504,04566,shared boundary,contiguity
04521,04522,shared boundary,contiguity
04521,04523,shared boundary,contiguity
04521,04524,shared boundary,contiguity
04521,04525,shared boundary,contiguity
04521,04526,shared boundary,contiguity
04521,04528,shared boundary,contiguity
04521,04529,shared boundary,contiguity
04521,04541,shared boundary,contiguity
04522,04528,shared boundary,contiguity
04522,04529,shared boundary,contiguity
04522,04541,shared boundary,contiguity
04522,04547,shared boundary,contiguity
04523,04525,shared boundary,contiguity
04523,04527,shared boundary,contiguity
04523,04528,shared boundary,contiguity
04523,04530,shared boundary,contiguity
04523,05464,shared boundary,contiguity
04524,04525,shared boundary,contiguity
04524,04526,shared boundary,contiguity
04525,04527,shared boundary,contiguity
04525,04530,shared boundary,contiguity
04526,04541,shared boundary,contiguity
04526,04548,shared boundary,contiguity
04527,04530,shared boundary,contiguity
04528,04529,shared boundary,contiguity
04530,05464,shared boundary,contiguity
04530,05465,shared boundary,contiguity
04541,04544,shared boundary,contiguity
04541,04546,shared boundary,contiguity
04541,04547,shared boundary,contiguity
04541,04548,shared boundary,contiguity
04542,04543,shared boundary,contiguity
04542,04544,shared boundary,contiguity
04542,04545,shared boundary,contiguity
04542,04546,shared boundary,contiguity
04542,04601,shared boundary,contiguity
04542,04602,shared boundary,contiguity
04543,04544,shared boundary,contiguity
04543,04601,shared boundary,contiguity
04543,04603,shared boundary,contiguity
04544,04546,shared boundary,contiguity
04544,04547,shared boundary,contiguity
04545,04546,shared boundary,contiguity
04545,04565,shared boundary,contiguity
04545,04602,shared boundary,contiguity
04546,04548,shared boundary,contiguity
04561,04563,shared boundary,contiguity
04561,04564,shared boundary,contiguity
04561,04565,shared boundary,contiguity
04561,04567,shared boundary,contiguity
04561,04581,shared boundary,contiguity
04561,04602,shared boundary,contiguity
04562,04564,shared boundary,contiguity
04562,04566,shared boundary,contiguity
04563,04581,shared boundary,contiguity
04564,04565,shared boundary,contiguity
04565,04602,shared boundary,contiguity
04567,04601,shared boundary,contiguity
04567,04602,shared boundary,contiguity
04581,04582,shared boundary,contiguity
04601,04602,shared boundary,contiguity
04601,04603,shared boundary,contiguity
04601,04605,shared boundary,contiguity
04603,04605,shared boundary,contiguity
05201,05327,shared boundary,contiguity
05201,05361,shared boundary,contiguity
05201,05362,shared boundary,contiguity
05201,05365,shared boundary,contiguity
05201,05366,shared boundary,contiguity
05201,05381,shared boundary,contiguity
05201,05382,shared boundary,contiguity
05201,05405,shared boundary,contiguity
05202,05342,shared boundary,contiguity
05202,05344,shared boundary,contiguity
05202,05345,shared boundary,contiguity
05202,05346,shared boundary,contiguity
05202,05347,shared boundary,contiguity
05203,05208,shared boundary,contiguity
05203,05424,shared boundary,contiguity
05203,05433,shared boundary,contiguity
05203,05442,shared boundary,contiguity
05203,05446,shared boundary,contiguity
05203,05447,shared boundary,contiguity
05204,05209,shared boundary,contiguity
05204,05303,shared boundary,contiguity
05204,05321,shared boundary,contiguity
05204,05322,shared boundary,contiguity
05204,05325,shared boundary,contiguity
05205,05405,shared boundary,contiguity
05205,05406,shared boundary,contiguity
05205,05407,shared boundary,contiguity
05205,05409,shared boundary,contiguity
05205,05410,shared boundary,contiguity
05206,05365,shared boundary,contiguity
05206,05367,shared boundary,contiguity
05207,05441,shared boundary,contiguity
05207,05445,shared boundary,contiguity
05207,05461,shared boundary,contiguity
05207,05462,shared boundary,contiguity
05207,05463,shared boundary,contiguity
05207,05465,shared boundary,contiguity
05208,05421,shared boundary,contiguity
05208,05422,shared boundary,contiguity
05208,05424,shared boundary,contiguity
05208,05425,shared boundary,contiguity
05208,05428,shared boundary,contiguity
05208,05429,shared boundary,contiguity
05208,05432,shared boundary,contiguity
05208,05433,shared boundary,contiguity
05208,05444,shared boundary,contiguity
05208,05447,shared boundary,contiguity
05209,05303,shared boundary,contiguity
05209,05322,shared boundary,contiguity
05209,05323,shared boundary,contiguity
05209,05426,shared boundary,contiguity
05321,05322,shared boundary,contiguity
05321,05323,shared boundary,contiguity
05321,05325,shared boundary,contiguity
05321,05326,shared boundary,contiguity
05321,05342,shared boundary,contiguity
05321,05346,shared boundary,contiguity
05322,05323,shared boundary,contiguity
05323,05324,shared boundary,contiguity
05323,05326,shared boundary,contiguity
05323,05327,shared boundary,contiguity
05323,05426,shared boundary,contiguity
05324,05327,shared boundary,contiguity
05324,05381,shared boundary,contiguity
05324,05426,shared boundary,contiguity
05324,05430,shared boundary,contiguity
05325,05346,shared boundary,contiguity
05326,05327,shared boundary,contiguity
05326,05342,shared boundary,contiguity
05327,05341,shared boundary,contiguity
05327,05342,shared boundary,contiguity
05327,05361,shared boundary,contiguity
05327,05381,shared boundary,contiguity
05341,05342,shared boundary,contiguity
05341,05344,shared boundary,contiguity
05341,05361,shared boundary,contiguity
05341,05363,shared boundary,contiguity
05341,05368,shared boundary,contiguity
05342,05344,shared boundary,contiguity
05342,05346,shared boundary,contiguity
05343,05346,shared boundary,contiguity
05343,05347,shared boundary,contiguity
05344,05345,shared boundary,contiguity
05344,05368,shared boundary,contiguity
05345,05367,shared boundary,contiguity
05345,05368,shared boundary,contiguity
05346,05347,shared boundary,contiguity
05361,05363,shared boundary,contiguity
05361,05366,shared boundary,contiguity
05361,05368,shared boundary,contiguity
05362,05364,shared boundary,contiguity
05362,05365,shared boundary,contiguity
05362,05366,shared boundary,contiguity
05363,05368,shared boundary,contiguity
05364,05366,shared boundary,contiguity
05367,05368,shared boundary,contiguity
05381,05382,shared boundary,contiguity
05381,05427,shared boundary,contiguity
05381,05430,shared boundary,contiguity
05382,05405,shared boundary,contiguity
05382,05410,shared boundary,contiguity
05382,05422,shared boundary,contiguity
05382,05427,shared boundary,contiguity
05382,05428,shared boundary,contiguity
05401,05402,shared boundary,contiguity
05401,05403,shared boundary,contiguity
05401,05404,shared boundary,contiguity
05401,05406,shared boundary,contiguity
05401,05407,shared boundary,contiguity
05401,06461,shared boundary,contiguity
05402,05403,shared boundary,contiguity
05403,05404,shared boundary,contiguity
05403,06461,shared boundary,contiguity
05404,05406,shared boundary,contiguity
05404,05408,shared boundary,contiguity
05404,05409,shared boundary,contiguity
05404,05463,shared boundary,contiguity
05404,06461,shared boundary,contiguity
05405,05410,shared boundary,contiguity
05406,05407,shared boundary,contiguity
05406,05409,shared boundary,contiguity
05408,05462,shared boundary,contiguity
05408,05463,shared boundary,contiguity
05408,06364,shared boundary,contiguity
05408,06461,shared boundary,contiguity
05408,06462,shared boundary,contiguity
05409,05410,shared boundary,contiguity
05409,05443,shared boundary,contiguity
05409,05444,shared boundary,contiguity
05409,05463,shared boundary,contiguity
05410,05428,shared boundary,contiguity
05410,05444,shared boundary,contiguity
05421,05422,shared boundary,contiguity
05421,05428,shared boundary,contiguity
05422,05423,shared boundary,contiguity
05422,05425,shared boundary,contiguity
05422,05427,shared boundary,contiguity
05422,05428,shared boundary,contiguity
05423,05425,shared boundary,contiguity
05423,05426,shared boundary,contiguity
05423,05427,shared boundary,contiguity
05423,05430,shared boundary,contiguity
05423,05431,shared boundary,contiguity
05424,05432,shared boundary,contiguity
05424,05433,shared boundary,contiguity
05424,05446,shared boundary,contiguity
05425,05429,shared boundary,contiguity
05425,05431,shared boundary,contiguity
05426,05430,shared boundary,contiguity
05427,05430,shared boundary,contiguity
05428,05444,shared boundary,contiguity
05429,05431,shared boundary,contiguity
05429,05432,shared boundary,contiguity
05431,05432,shared boundary,contiguity
05441,05442,shared boundary,contiguity
05441,05445,shared boundary,contiguity
05441,05446,shared boundary,contiguity
05441,05461,shared boundary,contiguity
05441,05464,shared boundary,contiguity
05441,05465,shared boundary,contiguity
05442,05443,shared boundary,contiguity
05442,05445,shared boundary,contiguity
05442,05446,shared boundary,contiguity
05442,05447,shared boundary,contiguity
05443,05444,shared boundary,contiguity
05443,05445,shared boundary,contiguity
05443,05447,shared boundary,contiguity
05443,05463,shared boundary,contiguity
05444,05447,shared boundary,contiguity
05445,05463,shared boundary,contiguity
05446,05464,shared boundary,contiguity
05461,05465,shared boundary,contiguity
05462,05463,shared boundary,contiguity
05462,05465,shared boundary,contiguity
05462,06205,shared boundary,contiguity
05462,06361,shared boundary,contiguity
05462,06362,shared boundary,contiguity
05462,06364,shared boundary,contiguity
05464,05465,shared boundary,contiguity
06201,06207,shared boundary,contiguity
06201,06210,shared boundary,contiguity
06201,06211,shared boundary,contiguity
06201,06213,shared boundary,contiguity
06201,06301,shared boundary,contiguity
06201,06302,shared boundary,contiguity
06202,06381,shared boundary,contiguity
06202,06382,shared boundary,contiguity
06202,06403,shared boundary,contiguity
06202,07201,shared boundary,contiguity
06202,07208,shared boundary,contiguity
06202,07401,shared boundary,contiguity
06202,07402,shared boundary,contiguity
06202,07408,shared boundary,contiguity
06203,06204,shared boundary,contiguity
06203,06423,shared boundary,contiguity
06203,06424,shared boundary,contiguity
06203,06425,shared boundary,contiguity
06203,06426,shared boundary,contiguity
06203,06427,shared boundary,contiguity
06203,06441,shared boundary,contiguity
06204,06422,shared boundary,contiguity
06204,06426,shared boundary,contiguity
06204,06461,shared boundary,contiguity
06204,06462,shared boundary,contiguity
06204,06464,shared boundary,contiguity
06205,06361,shared boundary,contiguity
06205,06362,shared boundary,contiguity
06205,06363,shared boundary,contiguity
06205,06364,shared boundary,contiguity
06205,06365,shared boundary,contiguity
06205,06366,shared boundary,contiguity
06205,06367,shared boundary,contiguity
06206,06208,shared boundary,contiguity
06206,06210,shared boundary,contiguity
06206,06302,shared boundary,contiguity
06206,06321,shared boundary,contiguity
06206,06322,shared boundary,contiguity
06206,06324,shared boundary,contiguity
06206,06365,shared boundary,contiguity
06207,06213,shared boundary,contiguity
06207,06381,shared boundary,contiguity
06208,06211,shared boundary,contiguity
06208,06212,shared boundary,contiguity
06208,06321,shared boundary,contiguity
06208,06341,shared boundary,contiguity
06208,06363,shared boundary,contiguity
06208,06365,shared boundary,contiguity
06209,06213,shared boundary,contiguity
06209,06323,shared boundary,contiguity
06209,06382,shared boundary,contiguity
06209,06401,shared boundary,contiguity
06209,06402,shared boundary,contiguity
06209,06403,shared boundary,contiguity
06210,06211,shared boundary,contiguity
06210,06302,shared boundary,contiguity
06210,06321,shared boundary,contiguity
06211,06212,shared boundary,contiguity
06211,06321,shared boundary,contiguity
06212,06341,shared boundary,contiguity
06212,06362,shared boundary,contiguity
06212,06363,shared boundary,contiguity
06213,06301,shared boundary,contiguity
06213,06381,shared boundary,contiguity
06213,06382,shared boundary,contiguity
06213,06402,shared boundary,contiguity
06301,06302,shared boundary,contiguity
06301,06323,shared boundary,contiguity
06301,06324,shared boundary,contiguity
06301,06402,shared boundary,contiguity
06302,06324,shared boundary,contiguity
06322,06323,shared boundary,contiguity
06322,06324,shared boundary,contiguity
06322,06365,shared boundary,contiguity
06322,06401,shared boundary,contiguity
06322,06421,shared boundary,contiguity
06322,06424,shared boundary,contiguity
06322,06427,shared boundary,contiguity
06322,15584,shared boundary,contiguity
06323,06324,shared boundary,contiguity
06323,06401,shared boundary,contiguity
06323,06402,shared boundary,contiguity
06341,06363,shared boundary,contiguity
06361,06364,shared boundary,contiguity
06362,06363,shared boundary,contiguity
06363,06365,shared boundary,contiguity
06364,06366,shared boundary,contiguity
06364,06462,shared boundary,contiguity
06364,06464,shared boundary,contiguity
06365,06367,shared boundary,contiguity
06365,06421,shared boundary,contiguity
06366,06367,shared boundary,contiguity
06366,06464,shared boundary,contiguity
06367,06421,shared boundary,contiguity
06367,06463,shared boundary,contiguity
06367,06464,shared boundary,contiguity
06381,06382,shared boundary,contiguity
06381,07201,shared boundary,contiguity
06382,06403,shared boundary,contiguity
06401,06403,shared boundary,contiguity
06401,07404,shared boundary,contiguity
06401,15206,shared boundary,contiguity
06401,15212,shared boundary,contiguity
06401,15311,shared boundary,contiguity
06401,15382,shared boundary,contiguity
06401,15581,shared boundary,contiguity
06401,15584,shared boundary,contiguity
06403,07401,shared boundary,contiguity
06403,07404,shared boundary,contiguity
06403,15382,shared boundary,contiguity
06421,06422,shared boundary,contiguity
06421,06423,shared boundary,contiguity
06421,06424,shared boundary,contiguity
06421,06463,shared boundary,contiguity
06422,06423,shared boundary,contiguity
06422,06426,shared boundary,contiguity
06422,06463,shared boundary,contiguity
06422,06464,shared boundary,contiguity
06423,06424,shared boundary,contiguity
06423,06426,shared boundary,contiguity
06424,06425,shared boundary,contiguity
06424,06427,shared boundary,contiguity
06425,06427,shared boundary,contiguity
06427,06441,shared boundary,contiguity
06427,15584,shared boundary,contiguity
06427,15585,shared boundary,contiguity
06441,15585,shared boundary,contiguity
06461,06462,shared boundary,contiguity
06462,06464,shared boundary,contiguity
06463,06464,shared boundary,contiguity
07201,07210,shared boundary,contiguity
07201,07301,shared boundary,contiguity
07201,07302,shared boundary,contiguity
07201,07305,shared boundary,contiguity
07201,07306,shared boundary,contiguity
07201,07308,shared boundary,contiguity
07201,07309,shared boundary,contiguity
07201,07321,shared boundary,contiguity
07201,07408,shared boundary,contiguity
07202,07203,shared boundary,contiguity
07202,07344,shared boundary,contiguity
07202,07362,shared boundary,contiguity
07202,07381,shared boundary,contiguity
07202,07408,shared boundary,contiguity
07202,07421,shared boundary,contiguity
07202,07422,shared boundary,contiguity
07202,07424,shared boundary,contiguity
07202,07442,shared boundary,contiguity
07203,07207,shared boundary,contiguity
07203,07210,shared boundary,contiguity
07203,07322,shared boundary,contiguity
07203,07323,shared boundary,contiguity
07203,07324,shared boundary,contiguity
07203,07341,shared boundary,contiguity
07203,07343,shared boundary,contiguity
07203,07344,shared boundary,contiguity
07203,07408,shared boundary,contiguity
07203,07503,shared boundary,contiguity
07203,07521,shared boundary,contiguity
07203,07522,shared boundary,contiguity
07203,07527,shared boundary,contiguity
07204,07484,shared boundary,contiguity
07204,07485,shared boundary,contiguity
07204,07503,shared boundary,contiguity
07204,07522,shared boundary,contiguity
07204,07523,shared boundary,contiguity
07204,07541,shared boundary,contiguity
07204,07542,shared boundary,contiguity
07204,07544,shared boundary,contiguity
07204,08215,shared boundary,contiguity
07205,07461,shared boundary,contiguity
07205,07462,shared boundary,contiguity
07205,07463,shared boundary,contiguity
07205,07464,shared boundary,contiguity
07205,07467,shared boundary,contiguity
07205,09407,shared boundary,contiguity
07206,07547,shared boundary,contiguity
07206,07562,shared boundary,contiguity
07206,07563,shared boundary,contiguity
07206,07564,shared boundary,contiguity
07207,07341,shared boundary,contiguity
07207,07342,shared boundary,contiguity
07207,07343,shared boundary,contiguity
07207,07344,shared boundary,contiguity
07207,07502,shared boundary,contiguity
07207,07503,shared boundary,contiguity
07208,07401,shared boundary,contiguity
07208,07402,shared boundary,contiguity
07208,07403,shared boundary,contiguity
07208,07404,shared boundary,contiguity
07208,07421,shared boundary,contiguity
07209,07306,shared boundary,contiguity
07209,07561,shared boundary,contiguity
07209,07562,shared boundary,contiguity
07209,07564,shared boundary,contiguity
07210,07321,shared boundary,contiguity
07210,07322,shared boundary,contiguity
07210,07324,shared boundary,contiguity
07210,07325,shared boundary,contiguity
07210,07326,shared boundary,contiguity
07210,07408,shared boundary,contiguity
07301,07302,shared boundary,contiguity
07301,07303,shared boundary,contiguity
07301,07304,shared boundary,contiguity
07301,07305,shared boundary,contiguity
07302,07305,shared boundary,contiguity
07303,07304,shared boundary,contiguity
07304,07305,shared boundary,contiguity
07304,07306,shared boundary,contiguity
07305,07306,shared boundary,contiguity
07306,07307,shared boundary,contiguity
07306,07308,shared boundary,contiguity
07306,07309,shared boundary,contiguity
07306,07564,shared boundary,contiguity
07307,07308,shared boundary,contiguity
07307,07564,shared boundary,contiguity
07308,07309,shared boundary,contiguity
07308,07325,shared boundary,contiguity
07308,07326,shared boundary,contiguity
07308,07547,shared boundary,contiguity
07308,07564,shared boundary,contiguity
07309,07321,shared boundary,contiguity
07309,07326,shared boundary,contiguity
07321,07325,shared boundary,contiguity
07321,07326,shared boundary,contiguity
07322,07323,shared boundary,contiguity
07322,07324,shared boundary,contiguity
07323,07324,shared boundary,contiguity
07324,07325,shared boundary,contiguity
07324,07521,shared boundary,contiguity
07325,07326,shared boundary,contiguity
07325,07521,shared boundary,contiguity
07325,07527,shared boundary,contiguity
07325,07547,shared boundary,contiguity
07325,07548,shared boundary,contiguity
07341,07343,shared boundary,contiguity
07341,07344,shared boundary,contiguity
07342,07344,shared boundary,contiguity
07342,07466,shared boundary,contiguity
07342,07502,shared boundary,contiguity
07344,07362,shared boundary,contiguity
07344,07461,shared boundary,contiguity
07344,07466,shared boundary,contiguity
07344,07467,shared boundary,contiguity
07361,07362,shared boundary,contiguity
07361,07363,shared boundary,contiguity
07361,07365,shared boundary,contiguity
07361,07366,shared boundary,contiguity
07361,07446,shared boundary,contiguity
07361,09212,shared boundary,contiguity
07361,09383,shared boundary,contiguity
07362,07441,shared boundary,contiguity
07362,07442,shared boundary,contiguity
07362,07446,shared boundary,contiguity
07362,07461,shared boundary,contiguity
07362,09212,shared boundary,contiguity
07363,07364,shared boundary,contiguity
07363,07365,shared boundary,contiguity
07363,09382,shared boundary,contiguity
07363,09383,shared boundary,contiguity
07364,07365,shared boundary,contiguity
07364,07367,shared boundary,contiguity
07364,09382,shared boundary,contiguity
07364,10443,shared boundary,contiguity
07364,15444,shared boundary,contiguity
07365,07366,shared boundary,contiguity
07365,07367,shared boundary,contiguity
07366,07367,shared boundary,contiguity
07366,07446,shared boundary,contiguity
07367,07445,shared boundary,contiguity
07367,07446,shared boundary,contiguity
07367,15362,shared boundary,contiguity
07367,15383,shared boundary,contiguity
07367,15444,shared boundary,contiguity
07367,15447,shared boundary,contiguity
07381,07421,shared boundary,contiguity
07381,07441,shared boundary,contiguity
07381,07442,shared boundary,contiguity
07381,07443,shared boundary,contiguity
07401,07404,shared boundary,contiguity
07402,07403,shared boundary,contiguity
07402,07407,shared boundary,contiguity
07402,07408,shared boundary,contiguity
07403,07407,shared boundary,contiguity
07403,07421,shared boundary,contiguity
07403,07422,shared boundary,contiguity
07403,07424,shared boundary,contiguity
07404,07405,shared boundary,contiguity
07404,07406,shared boundary,contiguity
07404,07421,shared boundary,contiguity
07404,15382,shared boundary,contiguity
07405,07406,shared boundary,contiguity
07405,07421,shared boundary,contiguity
07405,07423,shared boundary,contiguity
07405,07445,shared boundary,contiguity
07405,15381,shared boundary,contiguity
07405,15382,shared boundary,contiguity
07405,15383,shared boundary,contiguity
07406,07421,shared boundary,contiguity
07407,07408,shared boundary,contiguity
07407,07424,shared boundary,contiguity
07408,07424,shared boundary,contiguity
07421,07422,shared boundary,contiguity
07421,07423,shared boundary,contiguity
07421,07443,shared boundary,contiguity
07422,07424,shared boundary,contiguity
07423,07441,shared boundary,contiguity
07423,07443,shared boundary,contiguity
07423,07444,shared boundary,contiguity
07423,07445,shared boundary,contiguity
07423,07446,shared boundary,contiguity
07441,07442,shared boundary,contiguity
07441,07443,shared boundary,contiguity
07441,07446,shared boundary,contiguity
07444,07445,shared boundary,contiguity
07444,07446,shared boundary,contiguity
07445,07446,shared boundary,contiguity
07445,15383,shared boundary,contiguity
07461,07467,shared boundary,contiguity
07461,09212,shared boundary,contiguity
07461,09407,shared boundary,contiguity
07462,07463,shared boundary,contiguity
07462,07481,shared boundary,contiguity
07462,09407,shared boundary,contiguity
07463,07464,shared boundary,contiguity
07463,07465,shared boundary,contiguity
07463,07481,shared boundary,contiguity
07463,07501,shared boundary,contiguity
07463,07504,shared boundary,contiguity
07464,07465,shared boundary,contiguity
07464,07466,shared boundary,contiguity
07464,07467,shared boundary,contiguity
07465,07466,shared boundary,contiguity
07465,07501,shared boundary,contiguity
07466,07467,shared boundary,contiguity
07466,07501,shared boundary,contiguity
07466,07502,shared boundary,contiguity
07481,07482,shared boundary,contiguity
07481,07483,shared boundary,contiguity
07481,07484,shared boundary,contiguity
07481,07504,shared boundary,contiguity
07481,08364,shared boundary,contiguity
07481,09406,shared boundary,contiguity
07481,09407,shared boundary,contiguity
07482,07483,shared boundary,contiguity
07482,08363,shared boundary,contiguity
07482,08364,shared boundary,contiguity
07483,07484,shared boundary,contiguity
07483,08214,shared boundary,contiguity
07483,08215,shared boundary,contiguity
07483,08363,shared boundary,contiguity
07484,07485,shared boundary,contiguity
07484,07501,shared boundary,contiguity
07484,07504,shared boundary,contiguity
07484,08215,shared boundary,contiguity
07485,07501,shared boundary,contiguity
07485,07503,shared boundary,contiguity
07501,07502,shared boundary,contiguity
07501,07503,shared boundary,contiguity
07501,07504,shared boundary,contiguity
07502,07503,shared boundary,contiguity
07503,07522,shared boundary,contiguity
07521,07527,shared boundary,contiguity
07522,07523,shared boundary,contiguity
07522,07524,shared boundary,contiguity
07522,07527,shared boundary,contiguity
07523,07524,shared boundary,contiguity
07523,07526,shared boundary,contiguity
07523,07544,shared boundary,contiguity
07524,07526,shared boundary,contiguity
07524,07527,shared boundary,contiguity
07525,07526,shared boundary,contiguity
07525,07527,shared boundary,contiguity
07525,07544,shared boundary,contiguity
07525,07545,shared boundary,contiguity
07525,07547,shared boundary,contiguity
07525,07548,shared boundary,contiguity
07526,07527,shared boundary,contiguity
07526,07544,shared boundary,contiguity
07527,07548,shared boundary,contiguity
07541,07542,shared boundary,contiguity
07542,07543,shared boundary,contiguity
07542,07544,shared boundary,contiguity
07543,07544,shared boundary,contiguity
07543,07545,shared boundary,contiguity
07544,07545,shared boundary,contiguity
07545,07546,shared boundary,contiguity
07545,07547,shared boundary,contiguity
07546,07547,shared boundary,contiguity
07547,07548,shared boundary,contiguity
07547,07563,shared boundary,contiguity
07547,07564,shared boundary,contiguity
07562,07564,shared boundary,contiguity
08201,08213,shared boundary,contiguity
08201,08216,shared boundary,contiguity
08201,08301,shared boundary,contiguity
08201,08302,shared boundary,contiguity
08201,08305,shared boundary,contiguity
08201,08306,shared boundary,contiguity
08201,08342,shared boundary,contiguity
08202,08212,shared boundary,contiguity
08202,08341,shared boundary,contiguity
08202,08342,shared boundary,contiguity
08202,08362,shared boundary,contiguity
08202,08363,shared boundary,contiguity
08202,08381,shared boundary,contiguity
08203,08443,shared boundary,contiguity
08203,08444,shared boundary,contiguity
08203,08461,shared boundary,contiguity
08203,08464,shared boundary,contiguity
08203,08465,shared boundary,contiguity
08203,08466,shared boundary,contiguity
08203,08481,shared boundary,contiguity
08204,08541,shared boundary,contiguity
08204,08542,shared boundary,contiguity
08204,09364,shared boundary,contiguity
08204,11424,shared boundary,contiguity
08204,11425,shared boundary,contiguity
08204,11461,shared boundary,contiguity
08205,08303,shared boundary,contiguity
08205,08304,shared boundary,contiguity
08205,08461,shared boundary,contiguity
08205,08462,shared boundary,contiguity
08205,08463,shared boundary,contiguity
08205,08464,shared boundary,contiguity
08206,08207,shared boundary,contiguity
08206,08501,shared boundary,contiguity
08206,08502,shared boundary,contiguity
08206,08505,shared boundary,contiguity
08206,09208,shared boundary,contiguity
08206,09341,shared boundary,contiguity
08207,08501,shared boundary,contiguity
08207,08521,shared boundary,contiguity
08207,08543,shared boundary,contiguity
08207,09208,shared boundary,contiguity
08208,08217,shared boundary,contiguity
08208,08441,shared boundary,contiguity
08208,08444,shared boundary,contiguity
08208,08445,shared boundary,contiguity
08208,08446,shared boundary,contiguity
08208,08447,shared boundary,contiguity
08208,08481,shared boundary,contiguity
08208,08482,shared boundary,contiguity
08208,08563,shared boundary,contiguity
08208,08564,shared boundary,contiguity
08209,08213,shared boundary,contiguity
08209,08301,shared boundary,contiguity
08209,08309,shared boundary,contiguity
08210,08485,shared boundary,contiguity
08210,08486,shared boundary,contiguity
08210,08501,shared boundary,contiguity
08210,08502,shared boundary,contiguity
08210,08521,shared boundary,contiguity
08210,08522,shared boundary,contiguity
08211,08218,shared boundary,contiguity
08211,08481,shared boundary,contiguity
08211,08483,shared boundary,contiguity
08211,08484,shared boundary,contiguity
08211,08523,shared boundary,contiguity
08211,08561,shared boundary,contiguity
08211,12208,shared boundary,contiguity
08212,08342,shared boundary,contiguity
08212,08361,shared boundary,contiguity
08212,08362,shared boundary,contiguity
08213,08301,shared boundary,contiguity
08213,08341,shared boundary,contiguity
08213,08342,shared boundary,contiguity
08214,08215,shared boundary,contiguity
08214,08363,shared boundary,contiguity
08214,08381,shared boundary,contiguity
08216,08305,shared boundary,contiguity
08216,08306,shared boundary,contiguity
08216,08321,shared boundary,contiguity
08216,08322,shared boundary,contiguity
08216,08323,shared boundary,contiguity
08216,08324,shared boundary,contiguity
08216,08463,shared boundary,contiguity
08216,09343,shared boundary,contiguity
08217,08482,shared boundary,contiguity
08217,08561,shared boundary,contiguity
08217,08563,shared boundary,contiguity
08217,08564,shared boundary,contiguity
08217,12217,shared boundary,contiguity
08217,12222,shared boundary,contiguity
08218,08523,shared boundary,contiguity
08218,08544,shared boundary,contiguity
08218,08546,shared boundary,contiguity
08218,12208,shared boundary,contiguity
08218,12303,shared boundary,contiguity
08301,08302,shared boundary,contiguity
08301,08309,shared boundary,contiguity
08302,08303,shared boundary,contiguity
08302,08304,shared boundary,contiguity
08302,08305,shared boundary,contiguity
08302,08309,shared boundary,contiguity
08302,08321,shared boundary,contiguity
08302,08322,shared boundary,contiguity
08302,08401,shared boundary,contiguity
08302,08402,shared boundary,contiguity
08303,08304,shared boundary,contiguity
08303,08402,shared boundary,contiguity
08303,08425,shared boundary,contiguity
08303,08462,shared boundary,contiguity
08304,08322,shared boundary,contiguity
08304,08463,shared boundary,contiguity
08305,08321,shared boundary,contiguity
08306,08307,shared boundary,contiguity
08306,08323,shared boundary,contiguity
08306,08342,shared boundary,contiguity
08307,08308,shared boundary,contiguity
08307,08323,shared boundary,contiguity
08307,08342,shared boundary,contiguity
08307,08344,shared boundary,contiguity
08308,08323,shared boundary,contiguity
08308,08344,shared boundary,contiguity
08308,08347,shared boundary,contiguity
08308,09343,shared boundary,contiguity
08309,08401,shared boundary,contiguity
08321,08322,shared boundary,contiguity
08322,08463,shared boundary,contiguity
08323,09343,shared boundary,contiguity
08324,08463,shared boundary,contiguity
08324,08503,shared boundary,contiguity
08324,08504,shared boundary,contiguity
08324,08505,shared boundary,contiguity
08324,09209,shared boundary,contiguity
08324,09341,shared boundary,contiguity
08324,09342,shared boundary,contiguity
08324,09343,shared boundary,contiguity
08341,08342,shared boundary,contiguity
08342,08343,shared boundary,contiguity
08342,08344,shared boundary,contiguity
08342,08361,shared boundary,contiguity
08343,08344,shared boundary,contiguity
08343,08361,shared boundary,contiguity
08344,08345,shared boundary,contiguity
08344,08346,shared boundary,contiguity
08344,08347,shared boundary,contiguity
08344,08361,shared boundary,contiguity
08345,08346,shared boundary,contiguity
08345,08361,shared boundary,contiguity
08345,08362,shared boundary,contiguity
08345,08364,shared boundary,contiguity
08346,08347,shared boundary,contiguity
08346,08364,shared boundary,contiguity
08346,09402,shared boundary,contiguity
08346,09403,shared boundary,contiguity
08347,09343,shared boundary,contiguity
08347,09402,shared boundary,contiguity
08361,08362,shared boundary,contiguity
08362,08363,shared boundary,contiguity
08362,08364,shared boundary,contiguity
08363,08364,shared boundary,contiguity
08363,08381,shared boundary,contiguity
08364,09403,shared boundary,contiguity
08364,09406,shared boundary,contiguity
08401,08402,shared boundary,contiguity
08402,08403,shared boundary,contiguity
08402,08424,shared boundary,contiguity
08402,08425,shared boundary,contiguity
08403,08404,shared boundary,contiguity
08404,08405,shared boundary,contiguity
08405,08406,shared boundary,contiguity
08405,08423,shared boundary,contiguity
08406,08407,shared boundary,contiguity
08406,08423,shared boundary,contiguity
08406,12344,shared boundary,contiguity
08406,12349,shared boundary,contiguity
08407,12202,shared boundary,contiguity
08407,12349,shared boundary,contiguity
08421,08422,shared boundary,contiguity
08421,08423,shared boundary,contiguity
08421,08424,shared boundary,contiguity
08421,08425,shared boundary,contiguity
08422,08423,shared boundary,contiguity
08422,08449,shared boundary,contiguity
08422,12209,shared boundary,contiguity
08423,12209,shared boundary,contiguity
08424,08425,shared boundary,contiguity
08441,08442,shared boundary,contiguity
08441,08443,shared boundary,contiguity
08441,08444,shared boundary,contiguity
08441,08446,shared boundary,contiguity
08441,08448,shared boundary,contiguity
08441,08449,shared boundary,contiguity
08442,08443,shared boundary,contiguity
08443,08444,shared boundary,contiguity
08444,08445,shared boundary,contiguity
08444,08481,shared boundary,contiguity
08445,08481,shared boundary,contiguity
08445,08482,shared boundary,contiguity
08446,08447,shared boundary,contiguity
08446,08449,shared boundary,contiguity
08447,08449,shared boundary,contiguity
08447,08564,shared boundary,contiguity
08447,12211,shared boundary,contiguity
08447,12329,shared boundary,contiguity
08447,12341,shared boundary,contiguity
08447,12342,shared boundary,contiguity
08448,08449,shared boundary,contiguity
08449,12209,shared boundary,contiguity
08449,12342,shared boundary,contiguity
08461,08464,shared boundary,contiguity
08463,08464,shared boundary,contiguity
08463,08465,shared boundary,contiguity
08463,08485,shared boundary,contiguity
08463,08503,shared boundary,contiguity
08463,08504,shared boundary,contiguity
08464,08465,shared boundary,contiguity
08465,08466,shared boundary,contiguity
08465,08485,shared boundary,contiguity
08466,08481,shared boundary,contiguity
08466,08485,shared boundary,contiguity
08466,08486,shared boundary,contiguity
08481,08482,shared boundary,contiguity
08481,08483,shared boundary,contiguity
08481,08484,shared boundary,contiguity
08481,08486,shared boundary,contiguity
08482,08483,shared boundary,contiguity
08482,08561,shared boundary,contiguity
08482,08563,shared boundary,contiguity
08483,08561,shared boundary,contiguity
08484,08486,shared boundary,contiguity
08484,08523,shared boundary,contiguity
08485,08486,shared boundary,contiguity
08485,08502,shared boundary,contiguity
08485,08503,shared boundary,contiguity
08485,08522,shared boundary,contiguity
08486,08522,shared boundary,contiguity
08486,08523,shared boundary,contiguity
08501,08502,shared boundary,contiguity
08501,08521,shared boundary,contiguity
08502,08503,shared boundary,contiguity
08502,08505,shared boundary,contiguity
08503,08504,shared boundary,contiguity
08503,08505,shared boundary,contiguity
08504,08505,shared boundary,contiguity
08505,09341,shared boundary,contiguity
08521,08522,shared boundary,contiguity
08521,08523,shared boundary,contiguity
08521,08543,shared boundary,contiguity
08521,08544,shared boundary,contiguity
08522,08523,shared boundary,contiguity
08523,08544,shared boundary,contiguity
08541,08542,shared boundary,contiguity
08541,08543,shared boundary,contiguity
08541,08546,shared boundary,contiguity
08541,09208,shared boundary,contiguity
08541,09364,shared boundary,contiguity
08542,08546,shared boundary,contiguity
08542,11461,shared boundary,contiguity
08542,11463,shared boundary,contiguity
08542,12303,shared boundary,contiguity
08543,08544,shared boundary,contiguity
08543,08546,shared boundary,contiguity
08543,09208,shared boundary,contiguity
08543,09364,shared boundary,contiguity
08544,08546,shared boundary,contiguity
08546,12303,shared boundary,contiguity
08561,12208,shared boundary,contiguity
08561,12217,shared boundary,contiguity
08563,08564,shared boundary,contiguity
08564,12222,shared boundary,contiguity
08564,12327,shared boundary,contiguity
08564,12329,shared boundary,contiguity
09201,09205,shared boundary,contiguity
09201,09207,shared boundary,contiguity
09201,09209,shared boundary,contiguity
09201,09301,shared boundary,contiguity
09201,09303,shared boundary,contiguity
09201,09304,shared boundary,contiguity
09201,09345,shared boundary,contiguity
09201,09361,shared boundary,contiguity
09201,09362,shared boundary,contiguity
09201,09386,shared boundary,contiguity
09202,09204,shared boundary,contiguity
09202,09421,shared boundary,contiguity
09202,10203,shared boundary,contiguity
09202,10205,shared boundary,contiguity
09202,10207,shared boundary,contiguity
09202,10525,shared boundary,contiguity
09203,09208,shared boundary,contiguity
09203,09321,shared boundary,contiguity
09203,09322,shared boundary,contiguity
09203,09361,shared boundary,contiguity
09203,09363,shared boundary,contiguity
09203,09365,shared boundary,contiguity
09203,09367,shared boundary,contiguity
09203,09368,shared boundary,contiguity
09203,09422,shared boundary,contiguity
09204,09366,shared boundary,contiguity
09204,09367,shared boundary,contiguity
09204,09421,shared boundary,contiguity
09204,10207,shared boundary,contiguity
09204,10521,shared boundary,contiguity
09205,09206,shared boundary,contiguity
09205,09207,shared boundary,contiguity
09205,09321,shared boundary,contiguity
09205,09322,shared boundary,contiguity
09205,09323,shared boundary,contiguity
09205,09361,shared boundary,contiguity
09206,09207,shared boundary,contiguity
09206,09323,shared boundary,contiguity
09206,09382,shared boundary,contiguity
09206,10442,shared boundary,contiguity
09206,10443,shared boundary,contiguity
09207,09303,shared boundary,contiguity
09207,09382,shared boundary,contiguity
09207,09383,shared boundary,contiguity
09207,09384,shared boundary,contiguity
09208,09302,shared boundary,contiguity
09208,09341,shared boundary,contiguity
09208,09363,shared boundary,contiguity
09208,09364,shared boundary,contiguity
09208,09365,shared boundary,contiguity
09208,09366,shared boundary,contiguity
09209,09301,shared boundary,contiguity
09209,09341,shared boundary,contiguity
09209,09342,shared boundary,contiguity
09209,09344,shared boundary,contiguity
09209,09345,shared boundary,contiguity
09210,09211,shared boundary,contiguity
09210,09212,shared boundary,contiguity
09210,09387,shared boundary,contiguity
09210,09404,shared boundary,contiguity
09210,09405,shared boundary,contiguity
09210,09406,shared boundary,contiguity
09210,09409,shared boundary,contiguity
09210,09410,shared boundary,contiguity
09211,09384,shared boundary,contiguity
09211,09385,shared boundary,contiguity
09211,09387,shared boundary,contiguity
09211,09410,shared boundary,contiguity
09212,09383,shared boundary,contiguity
09212,09406,shared boundary,contiguity
09212,09407,shared boundary,contiguity
09212,09409,shared boundary,contiguity
09212,09410,shared boundary,contiguity
09301,09302,shared boundary,contiguity
09301,09341,shared boundary,contiguity
09301,09362,shared boundary,contiguity
09302,09341,shared boundary,contiguity
09302,09362,shared boundary,contiguity
09302,09363,shared boundary,contiguity
09303,09304,shared boundary,contiguity
09303,09384,shared boundary,contiguity
09303,09385,shared boundary,contiguity
09304,09385,shared boundary,contiguity
09304,09386,shared boundary,contiguity
09321,09322,shared boundary,contiguity
09321,09361,shared boundary,contiguity
09321,09368,shared boundary,contiguity
09322,09323,shared boundary,contiguity
09322,09422,shared boundary,contiguity
09322,10309,shared boundary,contiguity
09323,10309,shared boundary,contiguity
09323,10442,shared boundary,contiguity
09342,09343,shared boundary,contiguity
09342,09344,shared boundary,contiguity
09343,09344,shared boundary,contiguity
09343,09402,shared boundary,contiguity
09344,09345,shared boundary,contiguity
09344,09386,shared boundary,contiguity
09344,09401,shared boundary,contiguity
09344,09402,shared boundary,contiguity
09345,09386,shared boundary,contiguity
09345,09401,shared boundary,contiguity
09361,09362,shared boundary,contiguity
09361,09363,shared boundary,contiguity
09361,09368,shared boundary,contiguity
09362,09363,shared boundary,contiguity
09364,09366,shared boundary,contiguity
09364,11424,shared boundary,contiguity
09365,09366,shared boundary,contiguity
09365,09367,shared boundary,contiguity
09366,09367,shared boundary,contiguity
09366,10521,shared boundary,contiguity
09366,11424,shared boundary,contiguity
09367,09421,shared boundary,contiguity
09367,09422,shared boundary,contiguity
09382,09383,shared boundary,contiguity
09382,10443,shared boundary,contiguity
09383,09384,shared boundary,contiguity
09383,09410,shared boundary,contiguity
09384,09385,shared boundary,contiguity
09384,09410,shared boundary,contiguity
09385,09386,shared boundary,contiguity
09385,09387,shared boundary,contiguity
09385,09401,shared boundary,contiguity
09386,09401,shared boundary,contiguity
09387,09401,shared boundary,contiguity
09387,09404,shared boundary,contiguity
09401,09402,shared boundary,contiguity
09401,09404,shared boundary,contiguity
09402,09403,shared boundary,contiguity
09402,09404,shared boundary,contiguity
09403,09404,shared boundary,contiguity
09403,09405,shared boundary,contiguity
09403,09406,shared boundary,contiguity
09404,09405,shared boundary,contiguity
09405,09406,shared boundary,contiguity
09406,09407,shared boundary,contiguity
09409,09410,shared boundary,contiguity
09421,09422,shared boundary,contiguity
09421,10203,shared boundary,contiguity
09421,10309,shared boundary,contiguity
09422,10309,shared boundary,contiguity
10201,10202,shared boundary,contiguity
10201,10204,shared boundary,contiguity
10201,10301,shared boundary,contiguity
10201,10303,shared boundary,contiguity
10201,10304,shared boundary,contiguity
10201,10306,shared boundary,contiguity
10201,10324,shared boundary,contiguity
10201,10344,shared boundary,contiguity
10201,10345,shared boundary,contiguity
10201,10461,shared boundary,contiguity
10201,10464,shared boundary,contiguity
10202,10209,shared boundary,contiguity
10202,10211,shared boundary,contiguity
10202,10321,shared boundary,contiguity
10202,10323,shared boundary,contiguity
10202,10324,shared boundary,contiguity
10202,10363,shared boundary,contiguity
10202,10464,shared boundary,contiguity
10203,10205,shared boundary,contiguity
10203,10309,shared boundary,contiguity
10203,10483,shared boundary,contiguity
10203,10484,shared boundary,contiguity
10203,10501,shared boundary,contiguity
10204,10461,shared boundary,contiguity
10204,10462,shared boundary,contiguity
10204,10463,shared boundary,contiguity
10204,10464,shared boundary,contiguity
10204,11211,shared boundary,contiguity
10205,10481,shared boundary,contiguity
10205,10482,shared boundary,contiguity
10205,10483,shared boundary,contiguity
10205,10524,shared boundary,contiguity
10205,10525,shared boundary,contiguity
10205,11403,shared boundary,contiguity
10206,10302,shared boundary,contiguity
10206,10341,shared boundary,contiguity
10206,10342,shared boundary,contiguity
10206,10428,shared boundary,contiguity
10206,10441,shared boundary,contiguity
10206,10444,shared boundary,contiguity
10206,10445,shared boundary,contiguity
10206,10446,shared boundary,contiguity
10206,10448,shared boundary,contiguity
10207,10521,shared boundary,contiguity
10207,10522,shared boundary,contiguity
10207,10523,shared boundary,contiguity
10207,10525,shared boundary,contiguity
10208,10301,shared boundary,contiguity
10208,10341,shared boundary,contiguity
10208,10342,shared boundary,contiguity
10208,10343,shared boundary,contiguity
10208,10345,shared boundary,contiguity
10208,10422,shared boundary,contiguity
10209,10361,shared boundary,contiguity
10209,10362,shared boundary,contiguity
10209,10363,shared boundary,contiguity
10209,10364,shared boundary,contiguity
10209,10365,shared boundary,contiguity
10209,10382,shared boundary,contiguity
10209,10384,shared boundary,contiguity
10209,10464,shared boundary,contiguity
10209,11383,shared boundary,contiguity
10209,11385,shared boundary,contiguity
10210,10211,shared boundary,contiguity
10210,10363,shared boundary,contiguity
10210,10381,shared boundary,contiguity
10210,10382,shared boundary,contiguity
10210,10384,shared boundary,contiguity
10211,10321,shared boundary,contiguity
10211,10322,shared boundary,contiguity
10211,10363,shared boundary,contiguity
10211,10381,shared boundary,contiguity
10211,10401,shared boundary,contiguity
10301,10302,shared boundary,contiguity
10301,10303,shared boundary,contiguity
10301,10341,shared boundary,contiguity
10301,10345,shared boundary,contiguity
10302,10303,shared boundary,contiguity
10302,10341,shared boundary,contiguity
10302,10442,shared boundary,contiguity
10302,10448,shared boundary,contiguity
10303,10304,shared boundary,contiguity
10303,10305,shared boundary,contiguity
10303,10306,shared boundary,contiguity
10303,10307,shared boundary,contiguity
10303,10308,shared boundary,contiguity
10303,10442,shared boundary,contiguity
10304,10305,shared boundary,contiguity
10304,10306,shared boundary,contiguity
10305,10306,shared boundary,contiguity
10306,10307,shared boundary,contiguity
10306,10308,shared boundary,contiguity
10306,10461,shared boundary,contiguity
10307,10308,shared boundary,contiguity
10307,10461,shared boundary,contiguity
10307,10484,shared boundary,contiguity
10307,10501,shared boundary,contiguity
10308,10309,shared boundary,contiguity
10308,10442,shared boundary,contiguity
10308,10501,shared boundary,contiguity
10309,10442,shared boundary,contiguity
10309,10501,shared boundary,contiguity
10321,10322,shared boundary,contiguity
10321,10323,shared boundary,contiguity
10321,10343,shared boundary,contiguity
10321,10422,shared boundary,contiguity
10321,10423,shared boundary,contiguity
10322,10401,shared boundary,contiguity
10322,10423,shared boundary,contiguity
10322,10424,shared boundary,contiguity
10322,20321,shared boundary,contiguity
10323,10324,shared boundary,contiguity
10323,10343,shared boundary,contiguity
10323,10344,shared boundary,contiguity
10324,10344,shared boundary,contiguity
10341,10342,shared boundary,contiguity
10342,10421,shared boundary,contiguity
10342,10422,shared boundary,contiguity
10342,10428,shared boundary,contiguity
10343,10344,shared boundary,contiguity
10343,10345,shared boundary,contiguity
10343,10422,shared boundary,contiguity
10344,10345,shared boundary,contiguity
10361,10464,shared boundary,contiguity
10361,11385,shared boundary,contiguity
10362,10364,shared boundary,contiguity
10362,11364,shared boundary,contiguity
10362,11383,shared boundary,contiguity
10362,11384,shared boundary,contiguity
10363,10384,shared boundary,contiguity
10364,10365,shared boundary,contiguity
10364,11364,shared boundary,contiguity
10364,11365,shared boundary,contiguity
10365,10366,shared boundary,contiguity
10365,10382,shared boundary,contiguity
10365,10383,shared boundary,contiguity
10365,11365,shared boundary,contiguity
10366,10383,shared boundary,contiguity
10366,11365,shared boundary,contiguity
10366,11367,shared boundary,contiguity
10366,20302,shared boundary,contiguity
10366,20304,shared boundary,contiguity
10366,20306,shared boundary,contiguity
10366,20307,shared boundary,contiguity
10381,10382,shared boundary,contiguity
10381,10401,shared boundary,contiguity
10382,10383,shared boundary,contiguity
10382,10384,shared boundary,contiguity
10382,10401,shared boundary,contiguity
10382,20217,shared boundary,contiguity
10382,20321,shared boundary,contiguity
10383,20217,shared boundary,contiguity
10383,20301,shared boundary,contiguity
10383,20302,shared boundary,contiguity
10401,20321,shared boundary,contiguity
10421,10422,shared boundary,contiguity
10421,10423,shared boundary,contiguity
10421,10427,shared boundary,contiguity
10421,10428,shared boundary,contiguity
10421,10447,shared boundary,contiguity
10421,15461,shared boundary,contiguity
10422,10423,shared boundary,contiguity
10423,10424,shared boundary,contiguity
10423,10427,shared boundary,contiguity
10424,10425,shared boundary,contiguity
10424,10426,shared boundary,contiguity
10424,10427,shared boundary,contiguity
10424,20321,shared boundary,contiguity
10425,10426,shared boundary,contiguity
10425,20207,shared boundary,contiguity
10425,20208,shared boundary,contiguity
10425,20321,shared boundary,contiguity
10425,20323,shared boundary,contiguity
10425,20343,shared boundary,contiguity
10425,20345,shared boundary,contiguity
10425,20543,shared boundary,contiguity
10426,10427,shared boundary,contiguity
10426,20543,shared boundary,contiguity
10427,15461,shared boundary,contiguity
10427,20543,shared boundary,contiguity
10427,20561,shared boundary,contiguity
10427,20602,shared boundary,contiguity
10428,10445,shared boundary,contiguity
10428,10447,shared boundary,contiguity
10441,10442,shared boundary,contiguity
10441,10444,shared boundary,contiguity
10441,10448,shared boundary,contiguity
10442,10443,shared boundary,contiguity
10442,10444,shared boundary,contiguity
10442,10448,shared boundary,contiguity
10443,10444,shared boundary,contiguity
10443,10446,shared boundary,contiguity
10443,15444,shared boundary,contiguity
10444,10446,shared boundary,contiguity
10445,10446,shared boundary,contiguity
10445,10447,shared boundary,contiguity
10446,10447,shared boundary,contiguity
10446,15444,shared boundary,contiguity
10446,15461,shared boundary,contiguity
10446,15462,shared boundary,contiguity
10446,15463,shared boundary,contiguity
10447,15461,shared boundary,contiguity
10461,10462,shared boundary,contiguity
10461,10483,shared boundary,contiguity
10461,10484,shared boundary,contiguity
10462,10463,shared boundary,contiguity
10462,10482,shared boundary,contiguity
10462,10483,shared boundary,contiguity
10462,10484,shared boundary,contiguity
10463,10481,shared boundary,contiguity
10463,10482,shared boundary,contiguity
10463,11211,shared boundary,contiguity
10463,11218,shared boundary,contiguity
10464,11211,shared boundary,contiguity
10464,11385,shared boundary,contiguity
10481,10482,shared boundary,contiguity
10481,11218,shared boundary,contiguity
10481,11403,shared boundary,contiguity
10482,10483,shared boundary,contiguity
10483,10484,shared boundary,contiguity
10484,10501,shared boundary,contiguity
10521,10522,shared boundary,contiguity
10521,11210,shared boundary,contiguity
10521,11216,shared boundary,contiguity
10521,11424,shared boundary,contiguity
10522,10523,shared boundary,contiguity
10522,11206,shared boundary,contiguity
10522,11216,shared boundary,contiguity
10523,10524,shared boundary,contiguity
10523,10525,shared boundary,contiguity
10523,11206,shared boundary,contiguity
10523,11216,shared boundary,contiguity
10523,11403,shared boundary,contiguity
10524,10525,shared boundary,contiguity
10524,11403,shared boundary,contiguity
11201,11205,shared boundary,contiguity
11201,11208,shared boundary,contiguity
11201,11215,shared boundary,contiguity
11201,11219,shared boundary,contiguity
11201,11235,shared boundary,contiguity
11201,11236,shared boundary,contiguity
11201,11239,shared boundary,contiguity
11201,11322,shared boundary,contiguity
11201,11324,shared boundary,contiguity
11201,11328,shared boundary,contiguity
11201,11329,shared boundary,contiguity
11201,11346,shared boundary,contiguity
11202,11206,shared boundary,contiguity
11202,11212,shared boundary,contiguity
11202,11218,shared boundary,contiguity
11202,11304,shared boundary,contiguity
11202,11341,shared boundary,contiguity
11202,11401,shared boundary,contiguity
11202,11402,shared boundary,contiguity
11202,11403,shared boundary,contiguity
11202,11406,shared boundary,contiguity
11202,11422,shared boundary,contiguity
11203,11204,shared boundary,contiguity
11203,11213,shared boundary,contiguity
11203,11221,shared boundary,contiguity
11203,11222,shared boundary,contiguity
11203,11223,shared boundary,contiguity
11203,11224,shared boundary,contiguity
11203,11226,shared boundary,contiguity
11203,13100,shared boundary,contiguity
11204,11205,shared boundary,contiguity
11204,11213,shared boundary,contiguity
11204,11220,shared boundary,contiguity
11204,11223,shared boundary,contiguity
11204,11224,shared boundary,contiguity
11204,11227,shared boundary,contiguity
11204,11228,shared boundary,contiguity
11204,11235,shared boundary,contiguity
11205,11213,shared boundary,contiguity
11205,11219,shared boundary,contiguity
11205,11220,shared boundary,contiguity
11205,11235,shared boundary,contiguity
11205,11238,shared boundary,contiguity
11206,11210,shared boundary,contiguity
11206,11216,shared boundary,contiguity
11206,11217,shared boundary,contiguity
11206,11304,shared boundary,contiguity
11206,11403,shared boundary,contiguity
11206,11421,shared boundary,contiguity
11206,11422,shared boundary,contiguity
11206,11423,shared boundary,contiguity
11207,11330,shared boundary,contiguity
11207,11344,shared boundary,contiguity
11207,11361,shared boundary,contiguity
11207,11362,shared boundary,contiguity
11207,11364,shared boundary,contiguity
11207,11365,shared boundary,contiguity
11207,11368,shared boundary,contiguity
11207,11369,shared boundary,contiguity
11207,13308,shared boundary,contiguity
11208,11215,shared boundary,contiguity
11208,11225,shared boundary,contiguity
11208,11230,shared boundary,contiguity
11208,11324,shared boundary,contiguity
11208,13213,shared boundary,contiguity
11208,13220,shared boundary,contiguity
11208,13221,shared boundary,contiguity
11208,13223,shared boundary,contiguity
11208,13303,shared boundary,contiguity
11209,11215,shared boundary,contiguity
11209,11225,shared boundary,contiguity
11209,11326,shared boundary,contiguity
11209,11327,shared boundary,contiguity
11209,11329,shared boundary,contiguity
11209,11330,shared boundary,contiguity
11209,11344,shared boundary,contiguity
11209,11361,shared boundary,contiguity
11209,13205,shared boundary,contiguity
11210,11216,shared boundary,contiguity
11210,11232,shared boundary,contiguity
11210,11421,shared boundary,contiguity
11210,11424,shared boundary,contiguity
11210,11425,shared boundary,contiguity
11210,11446,shared boundary,contiguity
11210,11461,shared boundary,contiguity
11210,11462,shared boundary,contiguity
11211,11218,shared boundary,contiguity
11211,11381,shared boundary,contiguity
11211,11382,shared boundary,contiguity
11211,11385,shared boundary,contiguity
11211,11405,shared boundary,contiguity
11212,11239,shared boundary,contiguity
11212,11341,shared boundary,contiguity
11212,11342,shared boundary,contiguity
11212,11346,shared boundary,contiguity
11212,11347,shared boundary,contiguity
11212,11348,shared boundary,contiguity
11212,11401,shared boundary,contiguity
11213,11214,shared boundary,contiguity
11213,11222,shared boundary,contiguity
11213,11238,shared boundary,contiguity
11213,11445,shared boundary,contiguity
11214,11222,shared boundary,contiguity
11214,11442,shared boundary,contiguity
11214,11445,shared boundary,contiguity
11214,11464,shared boundary,contiguity
11214,11465,shared boundary,contiguity
11214,11468,shared boundary,contiguity
11215,11225,shared boundary,contiguity
11215,11329,shared boundary,contiguity
11217,11231,shared boundary,contiguity
11217,11233,shared boundary,contiguity
11217,11304,shared boundary,contiguity
11217,11347,shared boundary,contiguity
11217,11421,shared boundary,contiguity
11217,11423,shared boundary,contiguity
11217,11446,shared boundary,contiguity
11218,11403,shared boundary,contiguity
11218,11405,shared boundary,contiguity
11218,11406,shared boundary,contiguity
11218,11407,shared boundary,contiguity
11218,11408,shared boundary,contiguity
11219,11231,shared boundary,contiguity
11219,11238,shared boundary,contiguity
11219,11301,shared boundary,contiguity
11219,11346,shared boundary,contiguity
11221,11222,shared boundary,contiguity
11221,11234,shared boundary,contiguity
11221,11237,shared boundary,contiguity
11221,11466,shared boundary,contiguity
11221,13100,shared boundary,contiguity
11222,11465,shared boundary,contiguity
11222,11466,shared boundary,contiguity
11223,11224,shared boundary,contiguity
11224,11227,shared boundary,contiguity
11224,11229,shared boundary,contiguity
11224,13100,shared boundary,contiguity
11225,13205,shared boundary,contiguity
11225,13303,shared boundary,contiguity
11226,13100,shared boundary,contiguity
11227,11228,shared boundary,contiguity
11227,11229,shared boundary,contiguity
11227,11230,shared boundary,contiguity
11227,13100,shared boundary,contiguity
11228,11230,shared boundary,contiguity
11228,11235,shared boundary,contiguity
11228,11324,shared boundary,contiguity
11229,13100,shared boundary,contiguity
11230,11324,shared boundary,contiguity
11230,13100,shared boundary,contiguity
11230,13217,shared boundary,contiguity
11230,13221,shared boundary,contiguity
11230,13222,shared boundary,contiguity
11231,11233,shared boundary,contiguity
11231,11238,shared boundary,contiguity
11231,11301,shared boundary,contiguity
11231,11346,shared boundary,contiguity
11231,11446,shared boundary,contiguity
11232,11442,shared boundary,contiguity
11232,11445,shared boundary,contiguity
11232,11446,shared boundary,contiguity
11232,11462,shared boundary,contiguity
11232,11463,shared boundary,contiguity
11232,11464,shared boundary,contiguity
11233,11346,shared boundary,contiguity
11233,11347,shared boundary,contiguity
11234,11237,shared boundary,contiguity
11234,13100,shared boundary,contiguity
11235,11236,shared boundary,contiguity
11235,11322,shared boundary,contiguity
11235,11324,shared boundary,contiguity
11236,11322,shared boundary,contiguity
11237,11466,shared boundary,contiguity
11237,12207,shared boundary,contiguity
11237,12220,shared boundary,contiguity
11237,13100,shared boundary,contiguity
11238,11301,shared boundary,contiguity
11238,11445,shared boundary,contiguity
11238,11446,shared boundary,contiguity
11239,11326,shared boundary,contiguity
11239,11328,shared boundary,contiguity
11239,11329,shared boundary,contiguity
11239,11346,shared boundary,contiguity
11239,11348,shared boundary,contiguity
11304,11347,shared boundary,contiguity
11304,11401,shared boundary,contiguity
11322,11324,shared boundary,contiguity
11326,11327,shared boundary,contiguity
11326,11329,shared boundary,contiguity
11326,11348,shared boundary,contiguity
11327,11344,shared boundary,contiguity
11327,11348,shared boundary,contiguity
11328,11329,shared boundary,contiguity
11330,11361,shared boundary,contiguity
11330,13205,shared boundary,contiguity
11330,13308,shared boundary,contiguity
11341,11342,shared boundary,contiguity
11341,11402,shared boundary,contiguity
11342,11343,shared boundary,contiguity
11342,11345,shared boundary,contiguity
11342,11348,shared boundary,contiguity
11342,11402,shared boundary,contiguity
11342,11406,shared boundary,contiguity
11342,11408,shared boundary,contiguity
11343,11344,shared boundary,contiguity
11343,11345,shared boundary,contiguity
11343,11369,shared boundary,contiguity
11343,11408,shared boundary,contiguity
11344,11345,shared boundary,contiguity
11344,11348,shared boundary,contiguity
11344,11361,shared boundary,contiguity
11344,11369,shared boundary,contiguity
11345,11348,shared boundary,contiguity
11346,11347,shared boundary,contiguity
11347,11401,shared boundary,contiguity
11362,11363,shared boundary,contiguity
11362,11364,shared boundary,contiguity
11362,11369,shared boundary,contiguity
11362,11382,shared boundary,contiguity
11362,11384,shared boundary,contiguity
11362,11408,shared boundary,contiguity
11363,11381,shared boundary,contiguity
11363,11382,shared boundary,contiguity
11363,11408,shared boundary,contiguity
11364,11365,shared boundary,contiguity
11364,11384,shared boundary,contiguity
11365,11366,shared boundary,contiguity
11365,11367,shared boundary,contiguity
11365,11368,shared boundary,contiguity
11366,11367,shared boundary,contiguity
11366,11368,shared boundary,contiguity
11367,11368,shared boundary,contiguity
11367,13308,shared boundary,contiguity
11367,19203,shared boundary,contiguity
11367,19303,shared boundary,contiguity
11367,19443,shared boundary,contiguity
11367,20304,shared boundary,contiguity
11368,13308,shared boundary,contiguity
11369,11408,shared boundary,contiguity
11381,11382,shared boundary,contiguity
11381,11405,shared boundary,contiguity
11381,11407,shared boundary,contiguity
11381,11408,shared boundary,contiguity
11382,11383,shared boundary,contiguity
11382,11384,shared boundary,contiguity
11382,11385,shared boundary,contiguity
11383,11384,shared boundary,contiguity
11383,11385,shared boundary,contiguity
11402,11406,shared boundary,contiguity
11405,11408,shared boundary,contiguity
11406,11407,shared boundary,contiguity
11406,11408,shared boundary,contiguity
11407,11408,shared boundary,contiguity
11421,11423,shared boundary,contiguity
11421,11446,shared boundary,contiguity
11424,11425,shared boundary,contiguity
11425,11461,shared boundary,contiguity
11442,11445,shared boundary,contiguity
11442,11464,shared boundary,contiguity
11445,11446,shared boundary,contiguity
11461,11462,shared boundary,contiguity
11461,11463,shared boundary,contiguity
11462,11463,shared boundary,contiguity
11463,11464,shared boundary,contiguity
11463,12303,shared boundary,contiguity
11464,11468,shared boundary,contiguity
11464,12303,shared boundary,contiguity
11465,11466,shared boundary,contiguity
11465,11468,shared boundary,contiguity
11465,12208,shared boundary,contiguity
11466,12208,shared boundary,contiguity
11466,12220,shared boundary,contiguity
11468,12208,shared boundary,contiguity
11468,12303,shared boundary,contiguity
12201,12210,shared boundary,contiguity
12201,12212,shared boundary,contiguity
12201,12213,shared boundary,contiguity
12201,12216,shared boundary,contiguity
12201,12219,shared boundary,contiguity
12201,12221,shared boundary,contiguity
12201,12228,shared boundary,contiguity
12201,12323,shared boundary,contiguity
12201,12402,shared boundary,contiguity
12202,12349,shared boundary,contiguity
12202,12361,shared boundary,contiguity
12202,12362,shared boundary,contiguity
12203,12204,shared boundary,contiguity
12203,12207,shared boundary,contiguity
12203,12224,shared boundary,contiguity
12203,12227,shared boundary,contiguity
12203,13100,shared boundary,contiguity
12204,12216,shared boundary,contiguity
12204,12221,shared boundary,contiguity
12204,12224,shared boundary,contiguity
12204,12326,shared boundary,contiguity
12205,12461,shared boundary,contiguity
12205,12464,shared boundary,contiguity
12205,12465,shared boundary,contiguity
12205,12466,shared boundary,contiguity
12205,12467,shared boundary,contiguity
12206,12219,shared boundary,contiguity
12206,12225,shared boundary,contiguity
12206,12481,shared boundary,contiguity
12207,12217,shared boundary,contiguity
12207,12220,shared boundary,contiguity
12207,12224,shared boundary,contiguity
12207,12305,shared boundary,contiguity
12207,13100,shared boundary,contiguity
12208,12217,shared boundary,contiguity
12208,12220,shared boundary,contiguity
12208,12303,shared boundary,contiguity
12209,12342,shared boundary,contiguity
12209,12343,shared boundary,contiguity
12209,12344,shared boundary,contiguity
12209,12346,shared boundary,contiguity
12210,12219,shared boundary,contiguity
12210,12402,shared boundary,contiguity
12210,12422,shared boundary,contiguity
12210,12423,shared boundary,contiguity
12210,12424,shared boundary,contiguity
12210,12426,shared boundary,contiguity
12210,12427,shared boundary,contiguity
12211,12322,shared boundary,contiguity
12211,12324,shared boundary,contiguity
12211,12325,shared boundary,contiguity
12211,12328,shared boundary,contiguity
12211,12329,shared boundary,contiguity
12211,12341,shared boundary,contiguity
12211,12343,shared boundary,contiguity
12211,12347,shared boundary,contiguity
12211,12409,shared boundary,contiguity
12212,12221,shared boundary,contiguity
12212,12228,shared boundary,contiguity
12212,12322,shared boundary,contiguity
12212,12323,shared boundary,contiguity
12212,12325,shared boundary,contiguity
12213,12323,shared boundary,contiguity
12213,12402,shared boundary,contiguity
12213,12403,shared boundary,contiguity
12213,12404,shared boundary,contiguity
12213,12405,shared boundary,contiguity
12214,12215,shared boundary,contiguity
12214,12345,shared boundary,contiguity
12214,12347,shared boundary,contiguity
12214,12348,shared boundary,contiguity
12214,12381,shared boundary,contiguity
12214,12382,shared boundary,contiguity
12215,12348,shared boundary,contiguity
12215,12361,shared boundary,contiguity
12215,12362,shared boundary,contiguity
12216,12221,shared boundary,contiguity
12217,12220,shared boundary,contiguity
12217,12222,shared boundary,contiguity
12217,12305,shared boundary,contiguity
12218,12441,shared boundary,contiguity
12218,12442,shared boundary,contiguity
12218,12443,shared boundary,contiguity
12218,12444,shared boundary,contiguity
12218,12472,shared boundary,contiguity
12219,12225,shared boundary,contiguity
12219,12426,shared boundary,contiguity
12219,12427,shared boundary,contiguity
12219,12441,shared boundary,contiguity
12219,12481,shared boundary,contiguity
12221,12325,shared boundary,contiguity
12221,12326,shared boundary,contiguity
12221,12327,shared boundary,contiguity
12222,12305,shared boundary,contiguity
12222,12327,shared boundary,contiguity
12223,12225,shared boundary,contiguity
12223,12226,shared boundary,contiguity
12223,12462,shared boundary,contiguity
12223,12463,shared boundary,contiguity
12223,12467,shared boundary,contiguity
12223,12468,shared boundary,contiguity
12223,12472,shared boundary,contiguity
12224,12305,shared boundary,contiguity
12224,12326,shared boundary,contiguity
12225,12226,shared boundary,contiguity
12225,12441,shared boundary,contiguity
12225,12472,shared boundary,contiguity
12226,12463,shared boundary,contiguity
12227,13100,shared boundary,contiguity
12305,12326,shared boundary,contiguity
12305,12327,shared boundary,contiguity
12322,12323,shared boundary,contiguity
12322,12324,shared boundary,contiguity
12322,12325,shared boundary,contiguity
12323,12324,shared boundary,contiguity
12323,12405,shared boundary,contiguity
12324,12405,shared boundary,contiguity
12324,12409,shared boundary,contiguity
12325,12327,shared boundary,contiguity
12325,12328,shared boundary,contiguity
12326,12327,shared boundary,contiguity
12327,12328,shared boundary,contiguity
12327,12329,shared boundary,contiguity
12328,12329,shared boundary,contiguity
12341,12342,shared boundary,contiguity
12341,12343,shared boundary,contiguity
12342,12343,shared boundary,contiguity
12343,12346,shared boundary,contiguity
12343,12347,shared boundary,contiguity
12344,12345,shared boundary,contiguity
12344,12346,shared boundary,contiguity
12344,12349,shared boundary,contiguity
12345,12346,shared boundary,contiguity
12345,12347,shared boundary,contiguity
12345,12348,shared boundary,contiguity
12345,12349,shared boundary,contiguity
12346,12347,shared boundary,contiguity
12347,12381,shared boundary,contiguity
12347,12408,shared boundary,contiguity
12347,12409,shared boundary,contiguity
12348,12349,shared boundary,contiguity
12348,12361,shared boundary,contiguity
12349,12361,shared boundary,contiguity
12361,12362,shared boundary,contiguity
12381,12382,shared boundary,contiguity
12381,12408,shared boundary,contiguity
12402,12403,shared boundary,contiguity
12402,12424,shared boundary,contiguity
12403,12404,shared boundary,contiguity
12404,12405,shared boundary,contiguity
12404,12406,shared boundary,contiguity
12404,12407,shared boundary,contiguity
12405,12407,shared boundary,contiguity
12405,12409,shared boundary,contiguity
12406,12407,shared boundary,contiguity
12406,12408,shared boundary,contiguity
12407,12408,shared boundary,contiguity
12407,12409,shared boundary,contiguity
12408,12409,shared boundary,contiguity
12421,12422,shared boundary,contiguity
12421,12423,shared boundary,contiguity
12421,12445,shared boundary,contiguity
12422,12423,shared boundary,contiguity
12422,12427,shared boundary,contiguity
12422,12441,shared boundary,contiguity
12422,12442,shared boundary,contiguity
12422,12445,shared boundary,contiguity
12423,12424,shared boundary,contiguity
12426,12427,shared boundary,contiguity
12427,12441,shared boundary,contiguity
12441,12442,shared boundary,contiguity
12441,12472,shared boundary,contiguity
12442,12444,shared boundary,contiguity
12442,12445,shared boundary,contiguity
12443,12444,shared boundary,contiguity
12444,12445,shared boundary,contiguity
12461,12462,shared boundary,contiguity
12461,12464,shared boundary,contiguity
12462,12463,shared boundary,contiguity
12462,12464,shared boundary,contiguity
12462,12467,shared boundary,contiguity
12464,12467,shared boundary,contiguity
12465,12466,shared boundary,contiguity
12466,12467,shared boundary,contiguity
12467,12468,shared boundary,contiguity
13100,13203,shared boundary,contiguity
13100,13204,shared boundary,contiguity
13100,13208,shared boundary,contiguity
13100,13217,shared boundary,contiguity
13100,13219,shared boundary,contiguity
13100,14130,shared boundary,contiguity
13201,13207,shared boundary,contiguity
13201,13209,shared boundary,contiguity
13201,13212,shared boundary,contiguity
13201,13218,shared boundary,contiguity
13201,13224,shared boundary,contiguity
13201,13226,shared boundary,contiguity
13201,13306,shared boundary,contiguity
13201,13307,shared boundary,contiguity
13201,14421,shared boundary,contiguity
13201,14422,shared boundary,contiguity
13201,14423,shared boundary,contiguity
13201,14424,shared boundary,contiguity
13202,13207,shared boundary,contiguity
13202,13211,shared boundary,contiguity
13202,13212,shared boundary,contiguity
13202,13214,shared boundary,contiguity
13202,13215,shared boundary,contiguity
13202,13218,shared boundary,contiguity
13202,13220,shared boundary,contiguity
13202,13223,shared boundary,contiguity
13203,13204,shared boundary,contiguity
13203,13210,shared boundary,contiguity
13203,13211,shared boundary,contiguity
13203,13216,shared boundary,contiguity
13203,13217,shared boundary,contiguity
13204,13206,shared boundary,contiguity
13204,13208,shared boundary,contiguity
13204,13210,shared boundary,contiguity
13205,13226,shared boundary,contiguity
13205,13302,shared boundary,contiguity
13205,13303,shared boundary,contiguity
13205,13305,shared boundary,contiguity
13205,13306,shared boundary,contiguity
13205,13308,shared boundary,contiguity
13206,13208,shared boundary,contiguity
13206,13210,shared boundary,contiguity
13206,13212,shared boundary,contiguity
13206,13214,shared boundary,contiguity
13206,13215,shared boundary,contiguity
13206,13224,shared boundary,contiguity
13206,13225,shared boundary,contiguity
13207,13212,shared boundary,contiguity
13207,13218,shared boundary,contiguity
13208,13210,shared boundary,contiguity
13208,13219,shared boundary,contiguity
13208,13225,shared boundary,contiguity
13208,14130,shared boundary,contiguity
13209,13224,shared boundary,contiguity
13209,14100,shared boundary,contiguity
13209,14130,shared boundary,contiguity
13209,14209,shared boundary,contiguity
13209,14213,shared boundary,contiguity
13209,14421,shared boundary,contiguity
13210,13211,shared boundary,contiguity
13210,13214,shared boundary,contiguity
13210,13216,shared boundary,contiguity
13211,13213,shared boundary,contiguity
13211,13214,shared boundary,contiguity
13211,13216,shared boundary,contiguity
13211,13220,shared boundary,contiguity
13211,13222,shared boundary,contiguity
13212,13215,shared boundary,contiguity
13212,13224,shared boundary,contiguity
13213,13220,shared boundary,contiguity
13213,13221,shared boundary,contiguity
13213,13222,shared boundary,contiguity
13214,13215,shared boundary,contiguity
13216,13217,shared boundary,contiguity
13216,13222,shared boundary,contiguity
13217,13222,shared boundary,contiguity
13218,13223,shared boundary,contiguity
13218,13226,shared boundary,contiguity
13218,13302,shared boundary,contiguity
13218,13303,shared boundary,contiguity
13219,14130,shared boundary,contiguity
13220,13223,shared boundary,contiguity
13221,13222,shared boundary,contiguity
13223,13303,shared boundary,contiguity
13224,13225,shared boundary,contiguity
13224,14130,shared boundary,contiguity
13225,14130,shared boundary,contiguity
13226,13302,shared boundary,contiguity
13226,13305,shared boundary,contiguity
13226,13306,shared boundary,contiguity
13302,13303,shared boundary,contiguity
13305,13306,shared boundary,contiguity
13306,13307,shared boundary,contiguity
13306,13308,shared boundary,contiguity
13307,13308,shared boundary,contiguity
13307,14424,shared boundary,contiguity
13307,19441,shared boundary,contiguity
13307,19442,shared boundary,contiguity
13308,19441,shared boundary,contiguity
13308,19442,shared boundary,contiguity
13308,19443,shared boundary,contiguity
14100,14130,shared boundary,contiguity
14100,14201,shared boundary,contiguity
14100,14204,shared boundary,contiguity
14100,14205,shared boundary,contiguity
14100,14208,shared boundary,contiguity
14100,14213,shared boundary,contiguity
14201,14208,shared boundary,contiguity
14201,14210,shared boundary,contiguity
14201,14301,shared boundary,contiguity
14203,14207,shared boundary,contiguity
14203,14211,shared boundary,contiguity
14203,14212,shared boundary,contiguity
14203,14214,shared boundary,contiguity
14203,14321,shared boundary,contiguity
14203,14341,shared boundary,contiguity
14203,14342,shared boundary,contiguity
14203,14361,shared boundary,contiguity
14204,14205,shared boundary,contiguity
14204,14208,shared boundary,contiguity
14205,14207,shared boundary,contiguity
14205,14213,shared boundary,contiguity
14205,14215,shared boundary,contiguity
14205,14218,shared boundary,contiguity
14205,14321,shared boundary,contiguity
14206,14217,shared boundary,contiguity
14206,14342,shared boundary,contiguity
14206,14361,shared boundary,contiguity
14206,14362,shared boundary,contiguity
14206,14366,shared boundary,contiguity
14206,14382,shared boundary,contiguity
14206,14383,shared boundary,contiguity
14206,14384,shared boundary,contiguity
14207,14321,shared boundary,contiguity
14208,14301,shared boundary,contiguity
14209,14212,shared boundary,contiguity
14209,14213,shared boundary,contiguity
14209,14216,shared boundary,contiguity
14209,14401,shared boundary,contiguity
14209,14421,shared boundary,contiguity
14211,14212,shared boundary,contiguity
14211,14214,shared boundary,contiguity
14211,14361,shared boundary,contiguity
14211,14362,shared boundary,contiguity
14211,14363,shared boundary,contiguity
14211,14364,shared boundary,contiguity
14211,14402,shared boundary,contiguity
14212,14214,shared boundary,contiguity
14212,14215,shared boundary,contiguity
14212,14216,shared boundary,contiguity
14212,14321,shared boundary,contiguity
14212,14401,shared boundary,contiguity
14212,14402,shared boundary,contiguity
14213,14215,shared boundary,contiguity
14213,14216,shared boundary,contiguity
14213,14218,shared boundary,contiguity
14215,14216,shared boundary,contiguity
14215,14218,shared boundary,contiguity
14215,14321,shared boundary,contiguity
14216,14218,shared boundary,contiguity
14217,14364,shared boundary,contiguity
14217,14366,shared boundary,contiguity
14217,14382,shared boundary,contiguity
14217,22344,shared boundary,contiguity
14341,14342,shared boundary,contiguity
14342,14361,shared boundary,contiguity
14361,14362,shared boundary,contiguity
14362,14363,shared boundary,contiguity
14362,14366,shared boundary,contiguity
14363,14364,shared boundary,contiguity
14363,14366,shared boundary,contiguity
14364,14366,shared boundary,contiguity
14364,14402,shared boundary,contiguity
14364,14422,shared boundary,contiguity
14364,19422,shared boundary,contiguity
14364,19425,shared boundary,contiguity
14364,22344,shared boundary,contiguity
14382,14384,shared boundary,contiguity
14382,22206,shared boundary,contiguity
14382,22215,shared boundary,contiguity
14382,22220,shared boundary,contiguity
14382,22325,shared boundary,contiguity
14382,22344,shared boundary,contiguity
14383,14384,shared boundary,contiguity
14384,22205,shared boundary,contiguity
14384,22325,shared boundary,contiguity
14401,14402,shared boundary,contiguity
14401,14421,shared boundary,contiguity
14401,14422,shared boundary,contiguity
14402,14422,shared boundary,contiguity
14421,14422,shared boundary,contiguity
14422,14423,shared boundary,contiguity
14422,14424,shared boundary,contiguity
14422,19422,shared boundary,contiguity
14423,14424,shared boundary,contiguity
14424,19421,shared boundary,contiguity
14424,19422,shared boundary,contiguity
14424,19441,shared boundary,contiguity
15201,15207,shared boundary,contiguity
15201,15220,shared boundary,contiguity
15201,15221,shared boundary,contiguity
15201,15307,shared boundary,contiguity
15201,15323,shared boundary,contiguity
15201,15324,shared boundary,contiguity
15201,15345,shared boundary,contiguity
15201,15346,shared boundary,contiguity
15201,15347,shared boundary,contiguity
15202,15205,shared boundary,contiguity
15202,15208,shared boundary,contiguity
15202,15211,shared boundary,contiguity
15202,15215,shared boundary,contiguity
15202,15364,shared boundary,contiguity
15202,15401,shared boundary,contiguity
15202,15402,shared boundary,contiguity
15202,15403,shared boundary,contiguity
15202,15421,shared boundary,contiguity
15202,15504,shared boundary,contiguity
15202,15505,shared boundary,contiguity
15204,15209,shared boundary,contiguity
15204,15213,shared boundary,contiguity
15204,15220,shared boundary,contiguity
15204,15362,shared boundary,contiguity
15204,15363,shared boundary,contiguity
15205,15401,shared boundary,contiguity
15205,15501,shared boundary,contiguity
15205,15502,shared boundary,contiguity
15205,15504,shared boundary,contiguity
15205,15505,shared boundary,contiguity
15205,15525,shared boundary,contiguity
15205,15541,shared boundary,contiguity
15205,15544,shared boundary,contiguity
15206,15221,shared boundary,contiguity
15206,15304,shared boundary,contiguity
15206,15306,shared boundary,contiguity
15206,15307,shared boundary,contiguity
15206,15308,shared boundary,contiguity
15206,15310,shared boundary,contiguity
15206,15311,shared boundary,contiguity
15206,15382,shared boundary,contiguity
15206,15384,shared boundary,contiguity
15207,15218,shared boundary,contiguity
15207,15220,shared boundary,contiguity
15207,15301,shared boundary,contiguity
15207,15302,shared boundary,contiguity
15207,15303,shared boundary,contiguity
15207,15321,shared boundary,contiguity
15207,15323,shared boundary,contiguity
15208,15210,shared boundary,contiguity
15208,15401,shared boundary,contiguity
15208,15421,shared boundary,contiguity
15208,15441,shared boundary,contiguity
15208,15442,shared boundary,contiguity
15208,15445,shared boundary,contiguity
15208,15481,shared boundary,contiguity
15208,15502,shared boundary,contiguity
15209,15220,shared boundary,contiguity
15209,15322,shared boundary,contiguity
15209,15361,shared boundary,contiguity
15209,15362,shared boundary,contiguity
15210,15441,shared boundary,contiguity
15210,15442,shared boundary,contiguity
15210,15462,shared boundary,contiguity
15210,15463,shared boundary,contiguity
15210,15464,shared boundary,contiguity
15210,15481,shared boundary,contiguity
15210,15483,shared boundary,contiguity
15210,15523,shared boundary,contiguity
15210,15524,shared boundary,contiguity
15211,15215,shared boundary,contiguity
15211,15362,shared boundary,contiguity
15211,15363,shared boundary,contiguity
15211,15364,shared boundary,contiguity
15212,15581,shared boundary,contiguity
15212,15583,shared boundary,contiguity
15212,15584,shared boundary,contiguity
15212,15585,shared boundary,contiguity
15213,15220,shared boundary,contiguity
15213,15343,shared boundary,contiguity
15213,15344,shared boundary,contiguity
15213,15351,shared boundary,contiguity
15213,15363,shared boundary,contiguity
15215,15362,shared boundary,contiguity
15215,15421,shared boundary,contiguity
15215,15446,shared boundary,contiguity
15216,15545,shared boundary,contiguity
15216,15547,shared boundary,contiguity
15216,15562,shared boundary,contiguity
15216,15563,shared boundary,contiguity
15216,16341,shared boundary,contiguity
15216,16343,shared boundary,contiguity
15216,20485,shared boundary,contiguity
15216,20486,shared boundary,contiguity
15217,15222,shared boundary,contiguity
15217,15546,shared boundary,contiguity
15217,15547,shared boundary,contiguity
15217,15548,shared boundary,contiguity
15217,15561,shared boundary,contiguity
15217,20213,shared boundary,contiguity
15218,15301,shared boundary,contiguity
15218,15321,shared boundary,contiguity
15218,15322,shared boundary,contiguity
15218,15361,shared boundary,contiguity
15218,15384,shared boundary,contiguity
15219,15601,shared boundary,contiguity
15219,15603,shared boundary,contiguity
15219,15604,shared boundary,contiguity
15219,15605,shared boundary,contiguity
15220,15321,shared boundary,contiguity
15220,15347,shared boundary,contiguity
15220,15348,shared boundary,contiguity
15220,15350,shared boundary,contiguity
15220,15351,shared boundary,contiguity
15220,15361,shared boundary,contiguity
15221,15302,shared boundary,contiguity
15221,15303,shared boundary,contiguity
15221,15304,shared boundary,contiguity
15221,15306,shared boundary,contiguity
15221,15307,shared boundary,contiguity
15221,15323,shared boundary,contiguity
15222,15526,shared boundary,contiguity
15222,15542,shared boundary,contiguity
15222,15543,shared boundary,contiguity
15222,15548,shared boundary,contiguity
15222,15549,shared boundary,contiguity
15222,15550,shared boundary,contiguity
15222,15561,shared boundary,contiguity
15301,15303,shared boundary,contiguity
15301,15304,shared boundary,contiguity
15301,15384,shared boundary,contiguity
15302,15303,shared boundary,contiguity
15302,15323,shared boundary,contiguity
15303,15304,shared boundary,contiguity
15303,15384,shared boundary,contiguity
15304,15306,shared boundary,contiguity
15304,15384,shared boundary,contiguity
15307,15308,shared boundary,contiguity
15307,15309,shared boundary,contiguity
15308,15309,shared boundary,contiguity
15308,15310,shared boundary,contiguity
15309,15310,shared boundary,contiguity
15310,15311,shared boundary,contiguity
15310,15582,shared boundary,contiguity
15311,15581,shared boundary,contiguity
15311,15582,shared boundary,contiguity
15321,15361,shared boundary,contiguity
15322,15361,shared boundary,contiguity
15322,15362,shared boundary,contiguity
15322,15383,shared boundary,contiguity
15322,15384,shared boundary,contiguity
15323,15324,shared boundary,contiguity
15341,15342,shared boundary,contiguity
15341,15344,shared boundary,contiguity
15341,15345,shared boundary,contiguity
15341,15406,shared boundary,contiguity
15342,15343,shared boundary,contiguity
15342,15344,shared boundary,contiguity
15342,15406,shared boundary,contiguity
15343,15344,shared boundary,contiguity
15343,15363,shared boundary,contiguity
15343,15364,shared boundary,contiguity
15343,15406,shared boundary,contiguity
15344,15345,shared boundary,contiguity
15344,15351,shared boundary,contiguity
15345,15346,shared boundary,contiguity
15345,15349,shared boundary,contiguity
15345,15351,shared boundary,contiguity
15346,15347,shared boundary,contiguity
15346,15349,shared boundary,contiguity
15347,15348,shared boundary,contiguity
15347,15349,shared boundary,contiguity
15348,15349,shared boundary,contiguity
15348,15350,shared boundary,contiguity
15349,15350,shared boundary,contiguity
15349,15351,shared boundary,contiguity
15350,15351,shared boundary,contiguity
15362,15363,shared boundary,contiguity
15362,15383,shared boundary,contiguity
15362,15446,shared boundary,contiguity
15362,15447,shared boundary,contiguity
15363,15364,shared boundary,contiguity
15364,15403,shared boundary,contiguity
15364,15406,shared boundary,contiguity
15381,15382,shared boundary,contiguity
15381,15383,shared boundary,contiguity
15381,15384,shared boundary,contiguity
15382,15384,shared boundary,contiguity
15383,15384,shared boundary,contiguity
15401,15502,shared boundary,contiguity
15402,15403,shared boundary,contiguity
15402,15404,shared boundary,contiguity
15402,15405,shared boundary,contiguity
15402,15505,shared boundary,contiguity
15403,15404,shared boundary,contiguity
15403,15406,shared boundary,contiguity
15404,15405,shared boundary,contiguity
15404,15406,shared boundary,contiguity
15405,15505,shared boundary,contiguity
15421,15442,shared boundary,contiguity
15421,15445,shared boundary,contiguity
15421,15446,shared boundary,contiguity
15441,15442,shared boundary,contiguity
15442,15443,shared boundary,contiguity
15442,15445,shared boundary,contiguity
15442,15464,shared boundary,contiguity
15443,15444,shared boundary,contiguity
15443,15445,shared boundary,contiguity
15443,15464,shared boundary,contiguity
15444,15445,shared boundary,contiguity
15444,15447,shared boundary,contiguity
15444,15463,shared boundary,contiguity
15444,15464,shared boundary,contiguity
15445,15446,shared boundary,contiguity
15445,15447,shared boundary,contiguity
15446,15447,shared boundary,contiguity
15461,15462,shared boundary,contiguity
15461,15482,shared boundary,contiguity
15461,15483,shared boundary,contiguity
15461,20602,shared boundary,contiguity
15462,15463,shared boundary,contiguity
15462,15483,shared boundary,contiguity
15463,15464,shared boundary,contiguity
15481,15501,shared boundary,contiguity
15481,15502,shared boundary,contiguity
15481,15523,shared boundary,contiguity
15482,15483,shared boundary,contiguity
15482,15524,shared boundary,contiguity
15482,20602,shared boundary,contiguity
15483,15524,shared boundary,contiguity
15501,15502,shared boundary,contiguity
15501,15523,shared boundary,contiguity
15501,15525,shared boundary,contiguity
15504,15505,shared boundary,contiguity
15521,15522,shared boundary,contiguity
15521,15525,shared boundary,contiguity
15521,15526,shared boundary,contiguity
15521,20213,shared boundary,contiguity
15522,15525,shared boundary,contiguity
15522,15526,shared boundary,contiguity
15522,15543,shared boundary,contiguity
15522,15544,shared boundary,contiguity
15522,15550,shared boundary,contiguity
15523,15524,shared boundary,contiguity
15523,15525,shared boundary,contiguity
15524,15525,shared boundary,contiguity
15524,20213,shared boundary,contiguity
15524,20602,shared boundary,contiguity
15525,15544,shared boundary,contiguity
15525,20213,shared boundary,contiguity
15526,15549,shared boundary,contiguity
15526,15550,shared boundary,contiguity
15526,20213,shared boundary,contiguity
15541,15542,shared boundary,contiguity
15541,15544,shared boundary,contiguity
15542,15543,shared boundary,contiguity
15542,15544,shared boundary,contiguity
15543,15544,shared boundary,contiguity
15543,15550,shared boundary,contiguity
15545,15547,shared boundary,contiguity
15545,20486,shared boundary,contiguity
15545,20583,shared boundary,contiguity
15545,20586,shared boundary,contiguity
15545,20587,shared boundary,contiguity
15546,15547,shared boundary,contiguity
15546,15561,shared boundary,contiguity
15547,15561,shared boundary,contiguity
15547,15562,shared boundary,contiguity
15547,20213,shared boundary,contiguity
15547,20583,shared boundary,contiguity
15548,15549,shared boundary,contiguity
15548,20213,shared boundary,contiguity
15549,20213,shared boundary,contiguity
15561,15562,shared boundary,contiguity
15563,16343,shared boundary,contiguity
15581,15582,shared boundary,contiguity
15581,15583,shared boundary,contiguity
15582,15583,shared boundary,contiguity
15584,15585,shared boundary,contiguity
15601,15602,shared boundary,contiguity
15601,15603,shared boundary,contiguity
15602,15603,shared boundary,contiguity
15602,15606,shared boundary,contiguity
15603,15604,shared boundary,contiguity
15603,15605,shared boundary,contiguity
15603,15606,shared boundary,contiguity
15604,15605,shared boundary,contiguity
15605,15606,shared boundary,contiguity
15605,15609,shared boundary,contiguity
15606,15608,shared boundary,contiguity
15606,15609,shared boundary,contiguity
15607,15608,shared boundary,contiguity
15608,15609,shared boundary,contiguity
16201,16203,shared boundary,contiguity
16201,16206,shared boundary,contiguity
16201,16301,shared boundary,contiguity
16201,16302,shared boundary,contiguity
16201,16321,shared boundary,contiguity
16201,16322,shared boundary,contiguity
16201,16323,shared boundary,contiguity
16201,16361,shared boundary,contiguity
16201,16362,shared boundary,contiguity
16201,16381,shared boundary,contiguity
16201,16383,shared boundary,contiguity
16202,16203,shared boundary,contiguity
16202,16205,shared boundary,contiguity
16202,16208,shared boundary,contiguity
16202,16381,shared boundary,contiguity
16202,16382,shared boundary,contiguity
16202,16384,shared boundary,contiguity
16202,16422,shared boundary,contiguity
16203,16381,shared boundary,contiguity
16203,16383,shared boundary,contiguity
16203,16384,shared boundary,contiguity
16204,16206,shared boundary,contiguity
16204,16207,shared boundary,contiguity
16204,16322,shared boundary,contiguity
16204,16341,shared boundary,contiguity
16205,16422,shared boundary,contiguity
16205,17202,shared boundary,contiguity
16205,17207,shared boundary,contiguity
16205,17383,shared boundary,contiguity
16205,17385,shared boundary,contiguity
16205,17404,shared boundary,contiguity
16206,16322,shared boundary,contiguity
16207,16341,shared boundary,contiguity
16207,16342,shared boundary,contiguity
16208,16209,shared boundary,contiguity
16208,16362,shared boundary,contiguity
16208,16363,shared boundary,contiguity
16208,16381,shared boundary,contiguity
16208,16405,shared boundary,contiguity
16208,16406,shared boundary,contiguity
16208,16408,shared boundary,contiguity
16208,16422,shared boundary,contiguity
16209,16408,shared boundary,contiguity
16209,16421,shared boundary,contiguity
16209,16422,shared boundary,contiguity
16209,17201,shared boundary,contiguity
16209,17361,shared boundary,contiguity
16301,16302,shared boundary,contiguity
16301,16361,shared boundary,contiguity
16301,16364,shared boundary,contiguity
16301,21625,shared boundary,contiguity
16302,16323,shared boundary,contiguity
16302,20212,shared boundary,contiguity
16302,21625,shared boundary,contiguity
16302,21626,shared boundary,contiguity
16321,16322,shared boundary,contiguity
16321,16323,shared boundary,contiguity
16322,16323,shared boundary,contiguity
16322,16341,shared boundary,contiguity
16323,16341,shared boundary,contiguity
16323,20212,shared boundary,contiguity
16341,16342,shared boundary,contiguity
16341,16343,shared boundary,contiguity
16341,20212,shared boundary,contiguity
16341,20485,shared boundary,contiguity
16341,20486,shared boundary,contiguity
16342,16343,shared boundary,contiguity
16361,16362,shared boundary,contiguity
16361,16363,shared boundary,contiguity
16361,16364,shared boundary,contiguity
16361,16404,shared boundary,contiguity
16361,21623,shared boundary,contiguity
16361,21624,shared boundary,contiguity
16362,16363,shared boundary,contiguity
16362,16381,shared boundary,contiguity
16363,16404,shared boundary,contiguity
16363,16405,shared boundary,contiguity
16364,21624,shared boundary,contiguity
16364,21625,shared boundary,contiguity
16381,16382,shared boundary,contiguity
16381,16383,shared boundary,contiguity
16381,16384,shared boundary,contiguity
16382,16384,shared boundary,contiguity
16401,16402,shared boundary,contiguity
16401,16403,shared boundary,contiguity
16401,16404,shared boundary,contiguity
16401,16407,shared boundary,contiguity
16401,16421,shared boundary,contiguity
16402,16403,shared boundary,contiguity
16402,16404,shared boundary,contiguity
16402,21604,shared boundary,contiguity
16403,16421,shared boundary,contiguity
16403,17201,shared boundary,contiguity
16403,17346,shared boundary,contiguity
16403,21604,shared boundary,contiguity
16404,16405,shared boundary,contiguity
16404,16406,shared boundary,contiguity
16404,16407,shared boundary,contiguity
16404,21604,shared boundary,contiguity
16404,21623,shared boundary,contiguity
16405,16406,shared boundary,contiguity
16406,16407,shared boundary,contiguity
16406,16408,shared boundary,contiguity
16407,16408,shared boundary,contiguity
16407,16421,shared boundary,contiguity
16408,16421,shared boundary,contiguity
16421,17201,shared boundary,contiguity
16422,17361,shared boundary,contiguity
16422,17385,shared boundary,contiguity
17201,17208,shared boundary,contiguity
17201,17343,shared boundary,contiguity
17201,17344,shared boundary,contiguity
17201,17345,shared boundary,contiguity
17201,17346,shared boundary,contiguity
17201,17361,shared boundary,contiguity
17201,17365,shared boundary,contiguity
17202,17401,shared boundary,contiguity
17202,17402,shared boundary,contiguity
17202,17404,shared boundary,contiguity
17203,17206,shared boundary,contiguity
17203,17301,shared boundary,contiguity
17203,17321,shared boundary,contiguity
17203,17322,shared boundary,contiguity
17203,17323,shared boundary,contiguity
17203,17347,shared boundary,contiguity
17203,17348,shared boundary,contiguity
17203,17349,shared boundary,contiguity
17203,18206,shared boundary,contiguity
17204,17205,shared boundary,contiguity
17204,17421,shared boundary,contiguity
17204,17422,shared boundary,contiguity
17204,17423,shared boundary,contiguity
17204,17424,shared boundary,contiguity
17205,17424,shared boundary,contiguity
17205,17441,shared boundary,contiguity
17206,17301,shared boundary,contiguity
17206,18362,shared boundary,contiguity
17206,18363,shared boundary,contiguity
17207,17383,shared boundary,contiguity
17207,17384,shared boundary,contiguity
17207,17404,shared boundary,contiguity
17207,17406,shared boundary,contiguity
17208,17324,shared boundary,contiguity
17208,17342,shared boundary,contiguity
17208,17343,shared boundary,contiguity
17208,17344,shared boundary,contiguity
17301,18206,shared boundary,contiguity
17301,18363,shared boundary,contiguity
17301,18364,shared boundary,contiguity
17321,17322,shared boundary,contiguity
17321,17324,shared boundary,contiguity
17321,17342,shared boundary,contiguity
17322,17323,shared boundary,contiguity
17322,17324,shared boundary,contiguity
17323,17324,shared boundary,contiguity
17323,17343,shared boundary,contiguity
17323,17347,shared boundary,contiguity
17324,17342,shared boundary,contiguity
17324,17343,shared boundary,contiguity
17343,17344,shared boundary,contiguity
17343,17345,shared boundary,contiguity
17343,17347,shared boundary,contiguity
17345,17346,shared boundary,contiguity
17345,17347,shared boundary,contiguity
17346,17347,shared boundary,contiguity
17346,17348,shared boundary,contiguity
17346,21604,shared boundary,contiguity
17347,17348,shared boundary,contiguity
17348,17349,shared boundary,contiguity
17348,21604,shared boundary,contiguity
17349,18205,shared boundary,contiguity
17349,18206,shared boundary,contiguity
17349,21603,shared boundary,contiguity
17349,21604,shared boundary,contiguity
17361,17362,shared boundary,contiguity
17361,17364,shared boundary,contiguity
17361,17365,shared boundary,contiguity
17361,17385,shared boundary,contiguity
17362,17363,shared boundary,contiguity
17362,17364,shared boundary,contiguity
17362,17385,shared boundary,contiguity
17363,17364,shared boundary,contiguity
17364,17365,shared boundary,contiguity
17382,17384,shared boundary,contiguity
17382,17403,shared boundary,contiguity
17382,17421,shared boundary,contiguity
17382,17422,shared boundary,contiguity
17383,17385,shared boundary,contiguity
17384,17401,shared boundary,contiguity
17384,17402,shared boundary,contiguity
17384,17403,shared boundary,contiguity
17384,17406,shared boundary,contiguity
17401,17402,shared boundary,contiguity
17401,17403,shared boundary,contiguity
17402,17404,shared boundary,contiguity
17402,17406,shared boundary,contiguity
17403,17421,shared boundary,contiguity
17404,17406,shared boundary,contiguity
17421,17422,shared boundary,contiguity
17421,17423,shared boundary,contiguity
17423,17424,shared boundary,contiguity
17423,17441,shared boundary,contiguity
17424,17441,shared boundary,contiguity
18201,18207,shared boundary,contiguity
18201,18302,shared boundary,contiguity
18201,18321,shared boundary,contiguity
18201,18361,shared boundary,contiguity
18201,18364,shared boundary,contiguity
18201,18365,shared boundary,contiguity
18201,18366,shared boundary,contiguity
18201,18421,shared boundary,contiguity
18201,18424,shared boundary,contiguity
18201,18425,shared boundary,contiguity
18201,18426,shared boundary,contiguity
18202,18402,shared boundary,contiguity
18202,18403,shared boundary,contiguity
18202,18442,shared boundary,contiguity
18202,25503,shared boundary,contiguity
18202,25504,shared boundary,contiguity
18202,25521,shared boundary,contiguity
18203,18207,shared boundary,contiguity
18203,18381,shared boundary,contiguity
18203,18382,shared boundary,contiguity
18203,18401,shared boundary,contiguity
18203,18403,shared boundary,contiguity
18203,18422,shared boundary,contiguity
18203,18423,shared boundary,contiguity
18204,18441,shared boundary,contiguity
18204,18461,shared boundary,contiguity
18204,18462,shared boundary,contiguity
18204,18482,shared boundary,contiguity
18204,25523,shared boundary,contiguity
18205,18206,shared boundary,contiguity
18205,18302,shared boundary,contiguity
18205,18342,shared boundary,contiguity
18205,18382,shared boundary,contiguity
18205,21409,shared boundary,contiguity
18205,21427,shared boundary,contiguity
18205,21483,shared boundary,contiguity
18205,21603,shared boundary,contiguity
18206,18302,shared boundary,contiguity
18206,18322,shared boundary,contiguity
18206,18323,shared boundary,contiguity
18206,18364,shared boundary,contiguity
18207,18302,shared boundary,contiguity
18207,18381,shared boundary,contiguity
18207,18382,shared boundary,contiguity
18207,18421,shared boundary,contiguity
18207,18422,shared boundary,contiguity
18207,18426,shared boundary,contiguity
18302,18321,shared boundary,contiguity
18302,18322,shared boundary,contiguity
18302,18323,shared boundary,contiguity
18302,18381,shared boundary,contiguity
18302,18382,shared boundary,contiguity
18321,18322,shared boundary,contiguity
18321,18364,shared boundary,contiguity
18322,18323,shared boundary,contiguity
18322,18364,shared boundary,contiguity
18342,21427,shared boundary,contiguity
18342,21462,shared boundary,contiguity
18342,21482,shared boundary,contiguity
18342,21483,shared boundary,contiguity
18361,18362,shared boundary,contiguity
18361,18366,shared boundary,contiguity
18362,18363,shared boundary,contiguity
18362,18366,shared boundary,contiguity
18363,18364,shared boundary,contiguity
18363,18366,shared boundary,contiguity
18364,18365,shared boundary,contiguity
18364,18366,shared boundary,contiguity
18365,18366,shared boundary,contiguity
18381,18382,shared boundary,contiguity
18382,18401,shared boundary,contiguity
18382,18402,shared boundary,contiguity
18382,21409,shared boundary,contiguity
18401,18402,shared boundary,contiguity
18401,18403,shared boundary,contiguity
18402,18403,shared boundary,contiguity
18402,21408,shared boundary,contiguity
18402,21409,shared boundary,contiguity
18402,25503,shared boundary,contiguity
18403,18423,shared boundary,contiguity
18421,18422,shared boundary,contiguity
18421,18425,shared boundary,contiguity
18421,18426,shared boundary,contiguity
18422,18423,shared boundary,contiguity
18422,18425,shared boundary,contiguity
18423,18424,shared boundary,contiguity
18423,18425,shared boundary,contiguity
18424,18425,shared boundary,contiguity
18441,18442,shared boundary,contiguity
18441,18461,shared boundary,contiguity
18441,25522,shared boundary,contiguity
18442,25521,shared boundary,contiguity
18442,25522,shared boundary,contiguity
18461,25522,shared boundary,contiguity
18461,25523,shared boundary,contiguity
18462,18482,shared boundary,contiguity
18462,25523,shared boundary,contiguity
18462,26203,shared boundary,contiguity
18462,26382,shared boundary,contiguity
18481,18482,shared boundary,contiguity
18481,26202,shared boundary,contiguity
18481,26203,shared boundary,contiguity
18482,26203,shared boundary,contiguity
19201,19205,shared boundary,contiguity
19201,19301,shared boundary,contiguity
19201,19302,shared boundary,contiguity
19201,19321,shared boundary,contiguity
19201,19326,shared boundary,contiguity
19201,19328,shared boundary,contiguity
19201,19381,shared boundary,contiguity
19201,19382,shared boundary,contiguity
19201,19383,shared boundary,contiguity
19201,19384,shared boundary,contiguity
19201,19403,shared boundary,contiguity
19201,20304,shared boundary,contiguity
19202,19204,shared boundary,contiguity
19202,19423,shared boundary,contiguity
19202,19424,shared boundary,contiguity
19202,19425,shared boundary,contiguity
19202,19426,shared boundary,contiguity
19202,19427,shared boundary,contiguity
19202,19429,shared boundary,contiguity
19202,22207,shared boundary,contiguity
19202,22344,shared boundary,contiguity
19203,19205,shared boundary,contiguity
19203,19206,shared boundary,contiguity
19203,19302,shared boundary,contiguity
19203,19303,shared boundary,contiguity
19203,19304,shared boundary,contiguity
19203,19305,shared boundary,contiguity
19203,19442,shared boundary,contiguity
19203,19443,shared boundary,contiguity
19204,19206,shared boundary,contiguity
19204,19421,shared boundary,contiguity
19204,19422,shared boundary,contiguity
19204,19423,shared boundary,contiguity
19204,19424,shared boundary,contiguity
19204,19425,shared boundary,contiguity
19204,19426,shared boundary,contiguity
19205,19301,shared boundary,contiguity
19205,19302,shared boundary,contiguity
19205,19304,shared boundary,contiguity
19205,19323,shared boundary,contiguity
19206,19305,shared boundary,contiguity
19206,19322,shared boundary,contiguity
19206,19323,shared boundary,contiguity
19206,19421,shared boundary,contiguity
19206,19426,shared boundary,contiguity
19206,19441,shared boundary,contiguity
19206,19442,shared boundary,contiguity
19207,19382,shared boundary,contiguity
19207,19386,shared boundary,contiguity
19207,19387,shared boundary,contiguity
19207,19388,shared boundary,contiguity
19207,19401,shared boundary,contiguity
19207,19402,shared boundary,contiguity
19207,19403,shared boundary,contiguity
19207,19409,shared boundary,contiguity
19301,19321,shared boundary,contiguity
19301,19323,shared boundary,contiguity
19302,19303,shared boundary,contiguity
19302,20304,shared boundary,contiguity
19303,20304,shared boundary,contiguity
19304,19305,shared boundary,contiguity
19304,19323,shared boundary,contiguity
19305,19322,shared boundary,contiguity
19305,19323,shared boundary,contiguity
19321,19322,shared boundary,contiguity
19321,19323,shared boundary,contiguity
19321,19324,shared boundary,contiguity
19321,19325,shared boundary,contiguity
19321,19326,shared boundary,contiguity
19322,19323,shared boundary,contiguity
19322,19324,shared boundary,contiguity
19322,19327,shared boundary,contiguity
19322,19426,shared boundary,contiguity
19324,19325,shared boundary,contiguity
19324,19327,shared boundary,contiguity
19325,19326,shared boundary,contiguity
19325,19327,shared boundary,contiguity
19326,19327,shared boundary,contiguity
19326,19328,shared boundary,contiguity
19326,19341,shared boundary,contiguity
19326,19342,shared boundary,contiguity
19326,19383,shared boundary,contiguity
19327,19341,shared boundary,contiguity
19327,19426,shared boundary,contiguity
19327,19428,shared boundary,contiguity
19328,19342,shared boundary,contiguity
19328,19383,shared boundary,contiguity
19341,19342,shared boundary,contiguity
19341,19345,shared boundary,contiguity
19341,19428,shared boundary,contiguity
19341,19429,shared boundary,contiguity
19341,22207,shared boundary,contiguity
19342,19343,shared boundary,contiguity
19342,19345,shared boundary,contiguity
19342,19383,shared boundary,contiguity
19342,19385,shared boundary,contiguity
19343,19344,shared boundary,contiguity
19343,19345,shared boundary,contiguity
19343,19361,shared boundary,contiguity
19343,19362,shared boundary,contiguity
19343,19385,shared boundary,contiguity
19343,19391,shared boundary,contiguity
19344,19345,shared boundary,contiguity
19344,19362,shared boundary,contiguity
19344,19363,shared boundary,contiguity
19345,19363,shared boundary,contiguity
19345,19365,shared boundary,contiguity
19345,19366,shared boundary,contiguity
19345,22207,shared boundary,contiguity
19361,19362,shared boundary,contiguity
19361,19364,shared boundary,contiguity
19361,19388,shared boundary,contiguity
19361,19390,shared boundary,contiguity
19361,19391,shared boundary,contiguity
19362,19363,shared boundary,contiguity
19362,19364,shared boundary,contiguity
19363,19364,shared boundary,contiguity
19363,19365,shared boundary,contiguity
19364,19365,shared boundary,contiguity
19364,19388,shared boundary,contiguity
19364,22201,shared boundary,contiguity
19365,19366,shared boundary,contiguity
19365,22201,shared boundary,contiguity
19366,19367,shared boundary,contiguity
19366,22201,shared boundary,contiguity
19366,22207,shared boundary,contiguity
19366,22361,shared boundary,contiguity
19367,22201,shared boundary,contiguity
19367,22204,shared boundary,contiguity
19367,22361,shared boundary,contiguity
19381,19382,shared boundary,contiguity
19381,19384,shared boundary,contiguity
19381,19386,shared boundary,contiguity
19381,19387,shared boundary,contiguity
19381,19401,shared boundary,contiguity
19382,19401,shared boundary,contiguity
19382,19402,shared boundary,contiguity
19382,19403,shared boundary,contiguity
19383,19384,shared boundary,contiguity
19383,19385,shared boundary,contiguity
19384,19385,shared boundary,contiguity
19384,19387,shared boundary,contiguity
19384,19389,shared boundary,contiguity
19385,19389,shared boundary,contiguity
19385,19391,shared boundary,contiguity
19386,19387,shared boundary,contiguity
19386,19401,shared boundary,contiguity
19387,19388,shared boundary,contiguity
19387,19389,shared boundary,contiguity
19387,19390,shared boundary,contiguity
19388,19390,shared boundary,contiguity
19388,19408,shared boundary,contiguity
19388,19409,shared boundary,contiguity
19388,20387,shared boundary,contiguity
19388,22201,shared boundary,contiguity
19389,19390,shared boundary,contiguity
19389,19391,shared boundary,contiguity
19390,19391,shared boundary,contiguity
19402,19403,shared boundary,contiguity
19403,19404,shared boundary,contiguity
19403,19405,shared boundary,contiguity
19403,19409,shared boundary,contiguity
19403,20304,shared boundary,contiguity
19403,20305,shared boundary,contiguity
19404,19405,shared boundary,contiguity
19404,19406,shared boundary,contiguity
19404,20305,shared boundary,contiguity
19405,19406,shared boundary,contiguity
19405,19407,shared boundary,contiguity
19405,19408,shared boundary,contiguity
19405,19409,shared boundary,contiguity
19406,19407,shared boundary,contiguity
19406,20214,shared boundary,contiguity
19406,20305,shared boundary,contiguity
19406,20362,shared boundary,contiguity
19406,20363,shared boundary,contiguity
19407,19408,shared boundary,contiguity
19407,20362,shared boundary,contiguity
19408,19409,shared boundary,contiguity
19408,20362,shared boundary,contiguity
19408,20387,shared boundary,contiguity
19421,19422,shared boundary,contiguity
19421,19441,shared boundary,contiguity
19422,19425,shared boundary,contiguity
19423,19426,shared boundary,contiguity
19424,19425,shared boundary,contiguity
19425,22344,shared boundary,contiguity
19426,19427,shared boundary,contiguity
19426,19428,shared boundary,contiguity
19426,19429,shared boundary,contiguity
19427,19428,shared boundary,contiguity
19427,19429,shared boundary,contiguity
19428,19429,shared boundary,contiguity
19429,22207,shared boundary,contiguity
19429,22344,shared boundary,contiguity
19441,19442,shared boundary,contiguity
19442,19443,shared boundary,contiguity
20201,20207,shared boundary,contiguity
20201,20216,shared boundary,contiguity
20201,20345,shared boundary,contiguity
20201,20502,shared boundary,contiguity
20201,20541,shared boundary,contiguity
20201,20581,shared boundary,contiguity
20201,20582,shared boundary,contiguity
20201,20584,shared boundary,contiguity
20201,20586,shared boundary,contiguity
20201,20589,shared boundary,contiguity
20202,20204,shared boundary,contiguity
20202,20215,shared boundary,contiguity
20202,20341,shared boundary,contiguity
20202,20346,shared boundary,contiguity
20202,20347,shared boundary,contiguity
20202,20361,shared boundary,contiguity
20202,20443,shared boundary,contiguity
20202,20449,shared boundary,contiguity
20202,20450,shared boundary,contiguity
20202,20451,shared boundary,contiguity
20202,20461,shared boundary,contiguity
20202,20465,shared boundary,contiguity
20203,20341,shared boundary,contiguity
20203,20343,shared boundary,contiguity
20203,20345,shared boundary,contiguity
20203,20349,shared boundary,contiguity
20203,20447,shared boundary,contiguity
20203,20501,shared boundary,contiguity
20203,20521,shared boundary,contiguity
20204,20206,shared boundary,contiguity
20204,20215,shared boundary,contiguity
20204,20361,shared boundary,contiguity
20204,20382,shared boundary,contiguity
20205,20384,shared boundary,contiguity
20205,20402,shared boundary,contiguity
20205,20403,shared boundary,contiguity
20205,20405,shared boundary,contiguity
20205,20406,shared boundary,contiguity
20205,20407,shared boundary,contiguity
20205,20411,shared boundary,contiguity
20205,20414,shared boundary,contiguity
20205,20415,shared boundary,contiguity
20205,20416,shared boundary,contiguity
20205,20418,shared boundary,contiguity
20205,20419,shared boundary,contiguity
20205,20423,shared boundary,contiguity
20205,20430,shared boundary,contiguity
20206,20214,shared boundary,contiguity
20206,20342,shared boundary,contiguity
20206,20347,shared boundary,contiguity
20206,20361,shared boundary,contiguity
20206,20381,shared boundary,contiguity
20206,20382,shared boundary,contiguity
20206,20383,shared boundary,contiguity
20207,20345,shared boundary,contiguity
20207,20541,shared boundary,contiguity
20207,20543,shared boundary,contiguity
20208,20217,shared boundary,contiguity
20208,20323,shared boundary,contiguity
20208,20325,shared boundary,contiguity
20208,20326,shared boundary,contiguity
20208,20343,shared boundary,contiguity
20209,20210,shared boundary,contiguity
20209,20381,shared boundary,contiguity
20209,20383,shared boundary,contiguity
20209,20385,shared boundary,contiguity
20209,20387,shared boundary,contiguity
20209,20388,shared boundary,contiguity
20209,20421,shared boundary,contiguity
20209,20424,shared boundary,contiguity
20209,20426,shared boundary,contiguity
20210,20384,shared boundary,contiguity
20210,20386,shared boundary,contiguity
20210,20387,shared boundary,contiguity
20210,20388,shared boundary,contiguity
20210,20417,shared boundary,contiguity
20210,20422,shared boundary,contiguity
20210,20430,shared boundary,contiguity
20211,20213,shared boundary,contiguity
20211,20541,shared boundary,contiguity
20211,20543,shared boundary,contiguity
20211,20561,shared boundary,contiguity
20211,20562,shared boundary,contiguity
20211,20582,shared boundary,contiguity
20211,20601,shared boundary,contiguity
20212,20462,shared boundary,contiguity
20212,20464,shared boundary,contiguity
20212,20481,shared boundary,contiguity
20212,20482,shared boundary,contiguity
20212,20483,shared boundary,contiguity
20212,20484,shared boundary,contiguity
20212,20485,shared boundary,contiguity
20212,21626,shared boundary,contiguity
20213,20562,shared boundary,contiguity
20213,20563,shared boundary,contiguity
20213,20583,shared boundary,contiguity
20213,20585,shared boundary,contiguity
20213,20601,shared boundary,contiguity
20213,20602,shared boundary,contiguity
20214,20217,shared boundary,contiguity
20214,20302,shared boundary,contiguity
20214,20303,shared boundary,contiguity
20214,20305,shared boundary,contiguity
20214,20308,shared boundary,contiguity
20214,20322,shared boundary,contiguity
20214,20324,shared boundary,contiguity
20214,20342,shared boundary,contiguity
20214,20362,shared boundary,contiguity
20214,20363,shared boundary,contiguity
20214,20381,shared boundary,contiguity
20215,20382,shared boundary,contiguity
20215,20424,shared boundary,contiguity
20215,20451,shared boundary,contiguity
20216,20345,shared boundary,contiguity
20216,20446,shared boundary,contiguity
20216,20502,shared boundary,contiguity
20216,20521,shared boundary,contiguity
20216,20522,shared boundary,contiguity
20217,20301,shared boundary,contiguity
20217,20302,shared boundary,contiguity
20217,20321,shared boundary,contiguity
20217,20322,shared boundary,contiguity
20217,20323,shared boundary,contiguity
20217,20325,shared boundary,contiguity
20301,20302,shared boundary,contiguity
20302,20303,shared boundary,contiguity
20302,20307,shared boundary,contiguity
20302,20308,shared boundary,contiguity
20302,20322,shared boundary,contiguity
20303,20305,shared boundary,contiguity
20303,20306,shared boundary,contiguity
20303,20307,shared boundary,contiguity
20303,20308,shared boundary,contiguity
20304,20305,shared boundary,contiguity
20304,20306,shared boundary,contiguity
20305,20306,shared boundary,contiguity
20305,20363,shared boundary,contiguity
20306,20307,shared boundary,contiguity
20321,20323,shared boundary,contiguity
20322,20324,shared boundary,contiguity
20322,20325,shared boundary,contiguity
20322,20326,shared boundary,contiguity
20322,20342,shared boundary,contiguity
20324,20326,shared boundary,contiguity
20324,20341,shared boundary,contiguity
20324,20342,shared boundary,contiguity
20325,20326,shared boundary,contiguity
20326,20341,shared boundary,contiguity
20326,20343,shared boundary,contiguity
20341,20342,shared boundary,contiguity
20341,20343,shared boundary,contiguity
20341,20346,shared boundary,contiguity
20341,20349,shared boundary,contiguity
20341,20443,shared boundary,contiguity
20342,20346,shared boundary,contiguity
20342,20347,shared boundary,contiguity
20343,20345,shared boundary,contiguity
20345,20521,shared boundary,contiguity
20346,20347,shared boundary,contiguity
20347,20361,shared boundary,contiguity
20349,20443,shared boundary,contiguity
20349,20444,shared boundary,contiguity
20349,20447,shared boundary,contiguity
20362,20363,shared boundary,contiguity
20362,20381,shared boundary,contiguity
20362,20387,shared boundary,contiguity
20381,20383,shared boundary,contiguity
20381,20387,shared boundary,contiguity
20382,20383,shared boundary,contiguity
20382,20385,shared boundary,contiguity
20382,20424,shared boundary,contiguity
20383,20385,shared boundary,contiguity
20384,20386,shared boundary,contiguity
20384,20402,shared boundary,contiguity
20384,20430,shared boundary,contiguity
20385,20424,shared boundary,contiguity
20386,20402,shared boundary,contiguity
20386,20417,shared boundary,contiguity
20387,20417,shared boundary,contiguity
20387,22201,shared boundary,contiguity
20388,20421,shared boundary,contiguity
20388,20422,shared boundary,contiguity
20388,20426,shared boundary,contiguity
20402,20403,shared boundary,contiguity
20402,20416,shared boundary,contiguity
20402,20417,shared boundary,contiguity
20403,20405,shared boundary,contiguity
20403,20415,shared boundary,contiguity
20403,20416,shared boundary,contiguity
20404,20408,shared boundary,contiguity
20404,20409,shared boundary,contiguity
20404,20411,shared boundary,contiguity
20404,20412,shared boundary,contiguity
20404,20413,shared boundary,contiguity
20404,20414,shared boundary,contiguity
20404,23563,shared boundary,contiguity
20405,20415,shared boundary,contiguity
20406,20407,shared boundary,contiguity
20406,20423,shared boundary,contiguity
20407,20408,shared boundary,contiguity
20407,20411,shared boundary,contiguity
20407,20423,shared boundary,contiguity
20407,21206,shared boundary,contiguity
20408,20409,shared boundary,contiguity
20408,20411,shared boundary,contiguity
20408,21206,shared boundary,contiguity
20409,20410,shared boundary,contiguity
20409,20412,shared boundary,contiguity
20409,21206,shared boundary,contiguity
20409,21571,shared boundary,contiguity
20410,20412,shared boundary,contiguity
20410,21571,shared boundary,contiguity
20410,23563,shared boundary,contiguity
20410,23565,shared boundary,contiguity
20410,23566,shared boundary,contiguity
20411,20414,shared boundary,contiguity
20412,23563,shared boundary,contiguity
20413,20414,shared boundary,contiguity
20413,20419,shared boundary,contiguity
20413,22488,shared boundary,contiguity
20413,23563,shared boundary,contiguity
20413,23564,shared boundary,contiguity
20414,20419,shared boundary,contiguity
20415,20416,shared boundary,contiguity
20415,20418,shared boundary,contiguity
20416,20417,shared boundary,contiguity
20416,20418,shared boundary,contiguity
20417,20418,shared boundary,contiguity
20417,22201,shared boundary,contiguity
20418,20419,shared boundary,contiguity
20418,22201,shared boundary,contiguity
20419,22201,shared boundary,contiguity
20419,22428,shared boundary,contiguity
20419,22488,shared boundary,contiguity
20421,20422,shared boundary,contiguity
20421,20425,shared boundary,contiguity
20421,20426,shared boundary,contiguity
20421,20427,shared boundary,contiguity
20421,20428,shared boundary,contiguity
20422,20428,shared boundary,contiguity
20422,20429,shared boundary,contiguity
20422,20430,shared boundary,contiguity
20423,20430,shared boundary,contiguity
20423,20431,shared boundary,contiguity
20423,21206,shared boundary,contiguity
20423,21561,shared boundary,contiguity
20423,21562,shared boundary,contiguity
20423,21564,shared boundary,contiguity
20424,20425,shared boundary,contiguity
20424,20426,shared boundary,contiguity
20424,20451,shared boundary,contiguity
20425,20426,shared boundary,contiguity
20425,20427,shared boundary,contiguity
20425,20449,shared boundary,contiguity
20425,20451,shared boundary,contiguity
20425,20463,shared boundary,contiguity
20427,20428,shared boundary,contiguity
20427,20463,shared boundary,contiguity
20427,21582,shared boundary,contiguity
20427,21607,shared boundary,contiguity
20427,21608,shared boundary,contiguity
20428,20429,shared boundary,contiguity
20428,21582,shared boundary,contiguity
20429,20430,shared boundary,contiguity
20429,21563,shared boundary,contiguity
20429,21582,shared boundary,contiguity
20429,21583,shared boundary,contiguity
20430,21562,shared boundary,contiguity
20430,21563,shared boundary,contiguity
20430,21564,shared boundary,contiguity
20431,21206,shared boundary,contiguity
20431,21561,shared boundary,contiguity
20441,20443,shared boundary,contiguity
20441,20444,shared boundary,contiguity
20441,20445,shared boundary,contiguity
20441,20448,shared boundary,contiguity
20441,20461,shared boundary,contiguity
20441,20462,shared boundary,contiguity
20441,20481,shared boundary,contiguity
20443,20444,shared boundary,contiguity
20443,20461,shared boundary,contiguity
20444,20445,shared boundary,contiguity
20444,20446,shared boundary,contiguity
20444,20447,shared boundary,contiguity
20444,20448,shared boundary,contiguity
20445,20446,shared boundary,contiguity
20445,20447,shared boundary,contiguity
20445,20448,shared boundary,contiguity
20445,20502,shared boundary,contiguity
20446,20447,shared boundary,contiguity
20446,20448,shared boundary,contiguity
20446,20502,shared boundary,contiguity
20446,20522,shared boundary,contiguity
20447,20501,shared boundary,contiguity
20447,20522,shared boundary,contiguity
20448,20481,shared boundary,contiguity
20448,20483,shared boundary,contiguity
20448,20502,shared boundary,contiguity
20449,20450,shared boundary,contiguity
20449,20451,shared boundary,contiguity
20449,20463,shared boundary,contiguity
20449,20464,shared boundary,contiguity
20449,20465,shared boundary,contiguity
20450,20451,shared boundary,contiguity
20461,20462,shared boundary,contiguity
20461,20465,shared boundary,contiguity
20461,20466,shared boundary,contiguity
20461,20467,shared boundary,contiguity
20462,20464,shared boundary,contiguity
20462,20467,shared boundary,contiguity
20462,20481,shared boundary,contiguity
20462,20482,shared boundary,contiguity
20463,20464,shared boundary,contiguity
20463,21608,shared boundary,contiguity
20464,20465,shared boundary,contiguity
20464,20466,shared boundary,contiguity
20464,20467,shared boundary,contiguity
20464,21601,shared boundary,contiguity
20464,21608,shared boundary,contiguity
20464,21626,shared boundary,contiguity
20465,20466,shared boundary,contiguity
20466,20467,shared boundary,contiguity
20481,20482,shared boundary,contiguity
20481,20483,shared boundary,contiguity
20483,20484,shared boundary,contiguity
20483,20502,shared boundary,contiguity
20483,20581,shared boundary,contiguity
20484,20485,shared boundary,contiguity
20484,20581,shared boundary,contiguity
20484,20588,shared boundary,contiguity
20485,20486,shared boundary,contiguity
20485,20587,shared boundary,contiguity
20485,20588,shared boundary,contiguity
20486,20587,shared boundary,contiguity
20501,20521,shared boundary,contiguity
20501,20522,shared boundary,contiguity
20502,20581,shared boundary,contiguity
20521,20522,shared boundary,contiguity
20541,20543,shared boundary,contiguity
20541,20582,shared boundary,contiguity
20543,20561,shared boundary,contiguity
20561,20562,shared boundary,contiguity
20561,20602,shared boundary,contiguity
20562,20563,shared boundary,contiguity
20562,20602,shared boundary,contiguity
20563,20602,shared boundary,contiguity
20581,20588,shared boundary,contiguity
20581,20589,shared boundary,contiguity
20582,20584,shared boundary,contiguity
20582,20585,shared boundary,contiguity
20582,20601,shared boundary,contiguity
20583,20584,shared boundary,contiguity
20583,20585,shared boundary,contiguity
20583,20586,shared boundary,contiguity
20583,20601,shared boundary,contiguity
20584,20585,shared boundary,contiguity
20584,20586,shared boundary,contiguity
20585,20601,shared boundary,contiguity
20586,20587,shared boundary,contiguity
20586,20589,shared boundary,contiguity
20587,20588,shared boundary,contiguity
20587,20589,shared boundary,contiguity
20588,20589,shared boundary,contiguity
21201,21205,shared boundary,contiguity
21201,21209,shared boundary,contiguity
21201,21213,shared boundary,contiguity
21201,21302,shared boundary,contiguity
21201,21303,shared boundary,contiguity
21201,21304,shared boundary,contiguity
21201,21384,shared boundary,contiguity
21201,21421,shared boundary,contiguity
21201,21422,shared boundary,contiguity
21201,21423,shared boundary,contiguity
21201,21426,shared boundary,contiguity
21201,21441,shared boundary,contiguity
21201,21442,shared boundary,contiguity
21201,21463,shared boundary,contiguity
21202,21341,shared boundary,contiguity
21202,21361,shared boundary,contiguity
21202,21381,shared boundary,contiguity
21202,21382,shared boundary,contiguity
21202,21383,shared boundary,contiguity
21202,21404,shared boundary,contiguity
21202,21424,shared boundary,contiguity
21203,21601,shared boundary,contiguity
21203,21602,shared boundary,contiguity
21203,21605,shared boundary,contiguity
21203,21606,shared boundary,contiguity
21203,21607,shared boundary,contiguity
21203,21622,shared boundary,contiguity
21204,21212,shared boundary,contiguity
21204,21214,shared boundary,contiguity
21204,21541,shared boundary,contiguity
21204,23204,shared boundary,contiguity
21204,23206,shared boundary,contiguity
21204,23215,shared boundary,contiguity
21205,21207,shared boundary,contiguity
21205,21211,shared boundary,contiguity
21205,21213,shared boundary,contiguity
21205,21463,shared boundary,contiguity
21205,21464,shared boundary,contiguity
21205,21501,shared boundary,contiguity
21205,21502,shared boundary,contiguity
21206,21210,shared boundary,contiguity
21206,21561,shared boundary,contiguity
21206,21565,shared boundary,contiguity
21206,21566,shared boundary,contiguity
21206,21567,shared boundary,contiguity
21206,21571,shared boundary,contiguity
21207,21461,shared boundary,contiguity
21207,21463,shared boundary,contiguity
21207,21464,shared boundary,contiguity
21207,21485,shared boundary,contiguity
21208,21210,shared boundary,contiguity
21208,21212,shared boundary,contiguity
21208,21505,shared boundary,contiguity
21208,21521,shared boundary,contiguity
21208,21568,shared boundary,contiguity
21208,21569,shared boundary,contiguity
21208,23523,shared boundary,contiguity
21209,21303,shared boundary,contiguity
21209,21304,shared boundary,contiguity
21209,21321,shared boundary,contiguity
21209,21322,shared boundary,contiguity
21209,21382,shared boundary,contiguity
21209,21383,shared boundary,contiguity
21209,21384,shared boundary,contiguity
21209,23203,shared boundary,contiguity
21209,23218,shared boundary,contiguity
21209,23381,shared boundary,contiguity
21209,23401,shared boundary,contiguity
21210,21505,shared boundary,contiguity
21210,21506,shared boundary,contiguity
21210,21566,shared boundary,contiguity
21210,21567,shared boundary,contiguity
21210,21568,shared boundary,contiguity
21211,21214,shared boundary,contiguity
21211,21464,shared boundary,contiguity
21211,21501,shared boundary,contiguity
21211,21502,shared boundary,contiguity
21211,21503,shared boundary,contiguity
21211,21504,shared boundary,contiguity
21211,21505,shared boundary,contiguity
21211,21521,shared boundary,contiguity
21211,21523,shared boundary,contiguity
21212,21214,shared boundary,contiguity
21212,21521,shared boundary,contiguity
21212,21541,shared boundary,contiguity
21212,23204,shared boundary,contiguity
21212,23522,shared boundary,contiguity
21212,23523,shared boundary,contiguity
21213,21301,shared boundary,contiguity
21213,21302,shared boundary,contiguity
21213,21303,shared boundary,contiguity
21213,21501,shared boundary,contiguity
21213,23215,shared boundary,contiguity
21213,23217,shared boundary,contiguity
21213,23362,shared boundary,contiguity
21214,21501,shared boundary,contiguity
21214,21521,shared boundary,contiguity
21214,23215,shared boundary,contiguity
21301,21303,shared boundary,contiguity
21301,23203,shared boundary,contiguity
21301,23217,shared boundary,contiguity
21302,21303,shared boundary,contiguity
21302,23203,shared boundary,contiguity
21303,21304,shared boundary,contiguity
21303,23203,shared boundary,contiguity
21303,23381,shared boundary,contiguity
21321,21322,shared boundary,contiguity
21321,21323,shared boundary,contiguity
21321,21341,shared boundary,contiguity
21321,23401,shared boundary,contiguity
21321,23430,shared boundary,contiguity
21321,23431,shared boundary,contiguity
21321,24301,shared boundary,contiguity
21321,24302,shared boundary,contiguity
21322,21341,shared boundary,contiguity
21322,21382,shared boundary,contiguity
21323,21341,shared boundary,contiguity
21323,24301,shared boundary,contiguity
21323,24321,shared boundary,contiguity
21341,21342,shared boundary,contiguity
21341,21361,shared boundary,contiguity
21341,21382,shared boundary,contiguity
21341,24321,shared boundary,contiguity
21342,21361,shared boundary,contiguity
21342,21362,shared boundary,contiguity
21342,24321,shared boundary,contiguity
21342,24325,shared boundary,contiguity
21342,25443,shared boundary,contiguity
21342,25461,shared boundary,contiguity
21342,25463,shared boundary,contiguity
21361,21362,shared boundary,contiguity
21361,21401,shared boundary,contiguity
21361,21404,shared boundary,contiguity
21361,21405,shared boundary,contiguity
21362,21405,shared boundary,contiguity
21362,25461,shared boundary,contiguity
21362,25462,shared boundary,contiguity
21381,21403,shared boundary,contiguity
21381,21404,shared boundary,contiguity
21381,21424,shared boundary,contiguity
21382,21383,shared boundary,contiguity
21383,21384,shared boundary,contiguity
21383,21423,shared boundary,contiguity
21383,21424,shared boundary,contiguity
21384,21423,shared boundary,contiguity
21401,21402,shared boundary,contiguity
21401,21403,shared boundary,contiguity
21401,21404,shared boundary,contiguity
21401,21405,shared boundary,contiguity
21401,21406,shared boundary,contiguity
21402,21403,shared boundary,contiguity
21402,21406,shared boundary,contiguity
21402,21422,shared boundary,contiguity
21402,21427,shared boundary,contiguity
21403,21404,shared boundary,contiguity
21403,21422,shared boundary,contiguity
21403,21424,shared boundary,contiguity
21403,21425,shared boundary,contiguity
21403,21426,shared boundary,contiguity
21404,21405,shared boundary,contiguity
21405,21406,shared boundary,contiguity
21405,21408,shared boundary,contiguity
21405,25462,shared boundary,contiguity
21406,21407,shared boundary,contiguity
21406,21408,shared boundary,contiguity
21406,21427,shared boundary,contiguity
21407,21408,shared boundary,contiguity
21407,21409,shared boundary,contiguity
21407,21427,shared boundary,contiguity
21408,21409,shared boundary,contiguity
21408,25462,shared boundary,contiguity
21408,25481,shared boundary,contiguity
21408,25502,shared boundary,contiguity
21408,25503,shared boundary,contiguity
21409,21427,shared boundary,contiguity
21421,21423,shared boundary,contiguity
21421,21425,shared boundary,contiguity
21421,21426,shared boundary,contiguity
21422,21426,shared boundary,contiguity
21422,21427,shared boundary,contiguity
21422,21442,shared boundary,contiguity
21422,21443,shared boundary,contiguity
21423,21424,shared boundary,contiguity
21423,21425,shared boundary,contiguity
21424,21425,shared boundary,contiguity
21425,21426,shared boundary,contiguity
21427,21443,shared boundary,contiguity
21427,21462,shared boundary,contiguity
21441,21442,shared boundary,contiguity
21441,21443,shared boundary,contiguity
21441,21463,shared boundary,contiguity
21442,21443,shared boundary,contiguity
21443,21461,shared boundary,contiguity
21443,21462,shared boundary,contiguity
21443,21463,shared boundary,contiguity
21461,21462,shared boundary,contiguity
21461,21463,shared boundary,contiguity
21461,21481,shared boundary,contiguity
21461,21485,shared boundary,contiguity
21462,21481,shared boundary,contiguity
21462,21482,shared boundary,contiguity
21464,21465,shared boundary,contiguity
21464,21485,shared boundary,contiguity
21464,21504,shared boundary,contiguity
21465,21481,shared boundary,contiguity
21465,21485,shared boundary,contiguity
21465,21504,shared boundary,contiguity
21465,21584,shared boundary,contiguity
21481,21482,shared boundary,contiguity
21481,21485,shared boundary,contiguity
21481,21486,shared boundary,contiguity
21481,21487,shared boundary,contiguity
21481,21584,shared boundary,contiguity
21482,21483,shared boundary,contiguity
21482,21486,shared boundary,contiguity
21483,21484,shared boundary,contiguity
21483,21486,shared boundary,contiguity
21483,21603,shared boundary,contiguity
21484,21603,shared boundary,contiguity
21486,21487,shared boundary,contiguity
21486,21584,shared boundary,contiguity
21486,21585,shared boundary,contiguity
21486,21602,shared boundary,contiguity
21486,21603,shared boundary,contiguity
21487,21584,shared boundary,contiguity
21501,23215,shared boundary,contiguity
21503,21504,shared boundary,contiguity
21503,21505,shared boundary,contiguity
21504,21505,shared boundary,contiguity
21504,21506,shared boundary,contiguity
21504,21584,shared boundary,contiguity
21505,21506,shared boundary,contiguity
21505,21521,shared boundary,contiguity
21505,21523,shared boundary,contiguity
21506,21507,shared boundary,contiguity
21506,21563,shared boundary,contiguity
21506,21565,shared boundary,contiguity
21506,21566,shared boundary,contiguity
21506,21583,shared boundary,contiguity
21506,21584,shared boundary,contiguity
21507,21563,shared boundary,contiguity
21507,21564,shared boundary,contiguity
21507,21565,shared boundary,contiguity
21521,21523,shared boundary,contiguity
21541,23204,shared boundary,contiguity
21561,21562,shared boundary,contiguity
21561,21565,shared boundary,contiguity
21562,21564,shared boundary,contiguity
21562,21565,shared boundary,contiguity
21563,21564,shared boundary,contiguity
21563,21583,shared boundary,contiguity
21564,21565,shared boundary,contiguity
21565,21566,shared boundary,contiguity
21567,21568,shared boundary,contiguity
21567,21571,shared boundary,contiguity
21568,21569,shared boundary,contiguity
21568,21571,shared boundary,contiguity
21569,21570,shared boundary,contiguity
21569,21571,shared boundary,contiguity
21569,23523,shared boundary,contiguity
21569,23544,shared boundary,contiguity
21570,21571,shared boundary,contiguity
21570,23544,shared boundary,contiguity
21570,23566,shared boundary,contiguity
21571,23566,shared boundary,contiguity
21581,21582,shared boundary,contiguity
21581,21583,shared boundary,contiguity
21581,21585,shared boundary,contiguity
21581,21605,shared boundary,contiguity
21581,21606,shared boundary,contiguity
21582,21583,shared boundary,contiguity
21582,21606,shared boundary,contiguity
21582,21607,shared boundary,contiguity
21583,21584,shared boundary,contiguity
21583,21585,shared boundary,contiguity
21584,21585,shared boundary,contiguity
21585,21602,shared boundary,contiguity
21585,21605,shared boundary,contiguity
21601,21607,shared boundary,contiguity
21601,21608,shared boundary,contiguity
21601,21622,shared boundary,contiguity
21601,21626,shared boundary,contiguity
21602,21603,shared boundary,contiguity
21602,21604,shared boundary,contiguity
21602,21605,shared boundary,contiguity
21602,21621,shared boundary,contiguity
21602,21622,shared boundary,contiguity
21602,21623,shared boundary,contiguity
21603,21604,shared boundary,contiguity
21604,21623,shared boundary,contiguity
21605,21606,shared boundary,contiguity
21606,21607,shared boundary,contiguity
21607,21608,shared boundary,contiguity
21621,21622,shared boundary,contiguity
21621,21623,shared boundary,contiguity
21621,21624,shared boundary,contiguity
21621,21625,shared boundary,contiguity
21622,21625,shared boundary,contiguity
21622,21626,shared boundary,contiguity
21623,21624,shared boundary,contiguity
21624,21625,shared boundary,contiguity
21625,21626,shared boundary,contiguity
22201,22204,shared boundary,contiguity
22201,22212,shared boundary,contiguity
22201,22214,shared boundary,contiguity
22201,22401,shared boundary,contiguity
22201,22426,shared boundary,contiguity
22201,22428,shared boundary,contiguity
22202,22211,shared boundary,contiguity
22202,22218,shared boundary,contiguity
22202,22483,shared boundary,contiguity
22202,22484,shared boundary,contiguity
22202,22501,shared boundary,contiguity
22202,22502,shared boundary,contiguity
22202,22505,shared boundary,contiguity
22202,22521,shared boundary,contiguity
22202,22522,shared boundary,contiguity
22203,22206,shared boundary,contiguity
22203,22210,shared boundary,contiguity
22203,22220,shared boundary,contiguity
22203,22321,shared boundary,contiguity
22203,22322,shared boundary,contiguity
22203,22323,shared boundary,contiguity
22203,22325,shared boundary,contiguity
22203,22327,shared boundary,contiguity
22203,22341,shared boundary,contiguity
22203,22342,shared boundary,contiguity
22204,22361,shared boundary,contiguity
22204,22383,shared boundary,contiguity
22205,22208,shared boundary,contiguity
22205,22325,shared boundary,contiguity
22205,22326,shared boundary,contiguity
22205,22327,shared boundary,contiguity
22206,22220,shared boundary,contiguity
22206,22325,shared boundary,contiguity
22206,22341,shared boundary,contiguity
22206,22342,shared boundary,contiguity
22207,22210,shared boundary,contiguity
22207,22215,shared boundary,contiguity
22207,22344,shared boundary,contiguity
22207,22361,shared boundary,contiguity
22207,22381,shared boundary,contiguity
22208,22301,shared boundary,contiguity
22208,22327,shared boundary,contiguity
22208,22329,shared boundary,contiguity
22209,22214,shared boundary,contiguity
22209,22402,shared boundary,contiguity
22209,22423,shared boundary,contiguity
22209,22424,shared boundary,contiguity
22209,22425,shared boundary,contiguity
22209,22426,shared boundary,contiguity
22210,22215,shared boundary,contiguity
22210,22220,shared boundary,contiguity
22210,22342,shared boundary,contiguity
22210,22381,shared boundary,contiguity
22210,22382,shared boundary,contiguity
22211,22216,shared boundary,contiguity
22211,22218,shared boundary,contiguity
22211,22481,shared boundary,contiguity
22211,22482,shared boundary,contiguity
22211,22483,shared boundary,contiguity
22211,22484,shared boundary,contiguity
22211,22485,shared boundary,contiguity
22212,22214,shared boundary,contiguity
22212,22401,shared boundary,contiguity
22212,22402,shared boundary,contiguity
22213,22216,shared boundary,contiguity
22213,22425,shared boundary,contiguity
22213,22426,shared boundary,contiguity
22213,22446,shared boundary,contiguity
22213,22447,shared boundary,contiguity
22213,22461,shared boundary,contiguity
22214,22401,shared boundary,contiguity
22214,22402,shared boundary,contiguity
22214,22426,shared boundary,contiguity
22215,22220,shared boundary,contiguity
22215,22344,shared boundary,contiguity
22216,22442,shared boundary,contiguity
22216,22447,shared boundary,contiguity
22216,22461,shared boundary,contiguity
22216,22481,shared boundary,contiguity
22216,22485,shared boundary,contiguity
22217,22218,shared boundary,contiguity
22217,22461,shared boundary,contiguity
22217,22462,shared boundary,contiguity
22217,22485,shared boundary,contiguity
22217,22486,shared boundary,contiguity
22217,22487,shared boundary,contiguity
22217,22522,shared boundary,contiguity
22217,23581,shared boundary,contiguity
22218,22485,shared boundary,contiguity
22218,22522,shared boundary,contiguity
22219,22302,shared boundary,contiguity
22219,22304,shared boundary,contiguity
22219,22305,shared boundary,contiguity
22220,22342,shared boundary,contiguity
22221,22503,shared boundary,contiguity
22221,22523,shared boundary,contiguity
22221,23201,shared boundary,contiguity
22301,22302,shared boundary,contiguity
22301,22328,shared boundary,contiguity
22301,22329,shared boundary,contiguity
22302,22305,shared boundary,contiguity
22302,22306,shared boundary,contiguity
22302,22328,shared boundary,contiguity
22304,22305,shared boundary,contiguity
22305,22306,shared boundary,contiguity
22306,22307,shared boundary,contiguity
22306,22328,shared boundary,contiguity
22307,22324,shared boundary,contiguity
22307,22328,shared boundary,contiguity
22321,22322,shared boundary,contiguity
22321,22325,shared boundary,contiguity
22321,22326,shared boundary,contiguity
22321,22327,shared boundary,contiguity
22322,22323,shared boundary,contiguity
22322,22327,shared boundary,contiguity
22322,22328,shared boundary,contiguity
22322,22329,shared boundary,contiguity
22323,22324,shared boundary,contiguity
22323,22328,shared boundary,contiguity
22324,22328,shared boundary,contiguity
22325,22326,shared boundary,contiguity
22326,22327,shared boundary,contiguity
22327,22329,shared boundary,contiguity
22328,22329,shared boundary,contiguity
22341,22342,shared boundary,contiguity
22361,22381,shared boundary,contiguity
22361,22383,shared boundary,contiguity
22381,22382,shared boundary,contiguity
22381,22383,shared boundary,contiguity
22382,22383,shared boundary,contiguity
22402,22424,shared boundary,contiguity
22421,22422,shared boundary,contiguity
22421,22444,shared boundary,contiguity
22422,22423,shared boundary,contiguity
22422,22444,shared boundary,contiguity
22422,22445,shared boundary,contiguity
22422,22446,shared boundary,contiguity
22423,22424,shared boundary,contiguity
22423,22425,shared boundary,contiguity
22423,22446,shared boundary,contiguity
22425,22426,shared boundary,contiguity
22425,22446,shared boundary,contiguity
22426,22427,shared boundary,contiguity
22426,22428,shared boundary,contiguity
22426,22461,shared boundary,contiguity
22426,22462,shared boundary,contiguity
22427,22428,shared boundary,contiguity
22427,22462,shared boundary,contiguity
22428,22462,shared boundary,contiguity
22428,22488,shared boundary,contiguity
22442,22447,shared boundary,contiguity
22442,22481,shared boundary,contiguity
22444,22445,shared boundary,contiguity
22444,22447,shared boundary,contiguity
22445,22446,shared boundary,contiguity
22445,22447,shared boundary,contiguity
22446,22447,shared boundary,contiguity
22461,22462,shared boundary,contiguity
22461,22485,shared boundary,contiguity
22462,22486,shared boundary,contiguity
22462,22487,shared boundary,contiguity
22462,22488,shared boundary,contiguity
22481,22482,shared boundary,contiguity
22483,22484,shared boundary,contiguity
22486,22487,shared boundary,contiguity
22487,22488,shared boundary,contiguity
22487,23562,shared boundary,contiguity
22487,23563,shared boundary,contiguity
22487,23564,shared boundary,contiguity
22487,23581,shared boundary,contiguity
22488,23564,shared boundary,contiguity
22502,22505,shared boundary,contiguity
22521,22522,shared boundary,contiguity
22521,22523,shared boundary,contiguity
22522,22523,shared boundary,contiguity
22522,23581,shared boundary,contiguity
22523,23201,shared boundary,contiguity
22523,23221,shared boundary,contiguity
22523,23581,shared boundary,contiguity
23100,23204,shared boundary,contiguity
23100,23206,shared boundary,contiguity
23100,23222,shared boundary,contiguity
23100,23223,shared boundary,contiguity
23100,23226,shared boundary,contiguity
23100,23229,shared boundary,contiguity
23100,23302,shared boundary,contiguity
23100,23303,shared boundary,contiguity
23100,23304,shared boundary,contiguity
23100,23341,shared boundary,contiguity
23100,23342,shared boundary,contiguity
23100,23343,shared boundary,contiguity
23100,23344,shared boundary,contiguity
23100,23345,shared boundary,contiguity
23100,23346,shared boundary,contiguity
23100,23347,shared boundary,contiguity
23100,23421,shared boundary,contiguity
23100,23423,shared boundary,contiguity
23100,23424,shared boundary,contiguity
23100,23425,shared boundary,contiguity
23100,23426,shared boundary,contiguity
23100,23427,shared boundary,contiguity
23201,23207,shared boundary,contiguity
23201,23221,shared boundary,contiguity
23201,23602,shared boundary,contiguity
23201,23603,shared boundary,contiguity
23201,23604,shared boundary,contiguity
23201,23621,shared boundary,contiguity
23202,23211,shared boundary,contiguity
23202,23212,shared boundary,contiguity
23202,23213,shared boundary,contiguity
23202,23214,shared boundary,contiguity
23202,23501,shared boundary,contiguity
23202,23502,shared boundary,contiguity
23202,23543,shared boundary,contiguity
23202,23601,shared boundary,contiguity
23203,23217,shared boundary,contiguity
23203,23218,shared boundary,contiguity
23203,23220,shared boundary,contiguity
23203,23228,shared boundary,contiguity
23203,23344,shared boundary,contiguity
23203,23345,shared boundary,contiguity
23203,23381,shared boundary,contiguity
23204,23206,shared boundary,contiguity
23204,23211,shared boundary,contiguity
23204,23226,shared boundary,contiguity
23204,23304,shared boundary,contiguity
23204,23522,shared boundary,contiguity
23205,23216,shared boundary,contiguity
23205,23441,shared boundary,contiguity
23205,23442,shared boundary,contiguity
23205,23447,shared boundary,contiguity
23206,23215,shared boundary,contiguity
23206,23219,shared boundary,contiguity
23206,23342,shared boundary,contiguity
23207,23502,shared boundary,contiguity
23207,23601,shared boundary,contiguity
23207,23602,shared boundary,contiguity
23207,23603,shared boundary,contiguity
23207,23604,shared boundary,contiguity
23208,23421,shared boundary,contiguity
23208,23422,shared boundary,contiguity
23208,23425,shared boundary,contiguity
23208,23429,shared boundary,contiguity
23208,23430,shared boundary,contiguity
23208,23432,shared boundary,contiguity
23209,23212,shared boundary,contiguity
23209,23213,shared boundary,contiguity
23209,23227,shared boundary,contiguity
23210,23211,shared boundary,contiguity
23210,23212,shared boundary,contiguity
23210,23223,shared boundary,contiguity
23210,23225,shared boundary,contiguity
23210,23227,shared boundary,contiguity
23210,23229,shared boundary,contiguity
23210,23302,shared boundary,contiguity
23210,23442,shared boundary,contiguity
23210,23521,shared boundary,contiguity
23211,23212,shared boundary,contiguity
23211,23225,shared boundary,contiguity
23211,23303,shared boundary,contiguity
23211,23304,shared boundary,contiguity
23211,23521,shared boundary,contiguity
23211,23522,shared boundary,contiguity
23211,23541,shared boundary,contiguity
23211,23543,shared boundary,contiguity
23212,23213,shared boundary,contiguity
23212,23225,shared boundary,contiguity
23212,23227,shared boundary,contiguity
23213,23481,shared boundary,contiguity
23213,23482,shared boundary,contiguity
23213,23501,shared boundary,contiguity
23214,23483,shared boundary,contiguity
23214,23501,shared boundary,contiguity
23214,23601,shared boundary,contiguity
23214,23604,shared boundary,contiguity
23215,23219,shared boundary,contiguity
23215,23361,shared boundary,contiguity
23215,23362,shared boundary,contiguity
23216,23224,shared boundary,contiguity
23216,23441,shared boundary,contiguity
23216,23446,shared boundary,contiguity
23216,23447,shared boundary,contiguity
23217,23219,shared boundary,contiguity
23217,23228,shared boundary,contiguity
23217,23361,shared boundary,contiguity
23217,23362,shared boundary,contiguity
23218,23220,shared boundary,contiguity
23218,23401,shared boundary,contiguity
23219,23228,shared boundary,contiguity
23219,23342,shared boundary,contiguity
23219,23343,shared boundary,contiguity
23219,23361,shared boundary,contiguity
23220,23345,shared boundary,contiguity
23220,23346,shared boundary,contiguity
23220,23401,shared boundary,contiguity
23220,23402,shared boundary,contiguity
23220,23422,shared boundary,contiguity
23220,23423,shared boundary,contiguity
23220,23432,shared boundary,contiguity
23221,23581,shared boundary,contiguity
23221,23582,shared boundary,contiguity
23221,23602,shared boundary,contiguity
23222,23223,shared boundary,contiguity
23222,23224,shared boundary,contiguity
23222,23442,shared boundary,contiguity
23223,23229,shared boundary,contiguity
23223,23442,shared boundary,contiguity
23224,23441,shared boundary,contiguity
23224,23442,shared boundary,contiguity
23226,23304,shared boundary,contiguity
23228,23343,shared boundary,contiguity
23228,23344,shared boundary,contiguity
23229,23302,shared boundary,contiguity
23229,23521,shared boundary,contiguity
23302,23303,shared boundary,contiguity
23302,23521,shared boundary,contiguity
23303,23304,shared boundary,contiguity
23303,23521,shared boundary,contiguity
23341,23347,shared boundary,contiguity
23342,23343,shared boundary,contiguity
23343,23344,shared boundary,contiguity
23344,23345,shared boundary,contiguity
23345,23346,shared boundary,contiguity
23346,23347,shared boundary,contiguity
23346,23423,shared boundary,contiguity
23347,23423,shared boundary,contiguity
23361,23362,shared boundary,contiguity
23401,23402,shared boundary,contiguity
23401,23431,shared boundary,contiguity
23401,23432,shared boundary,contiguity
23402,23432,shared boundary,contiguity
23421,23422,shared boundary,contiguity
23421,23423,shared boundary,contiguity
23421,23424,shared boundary,contiguity
23421,23425,shared boundary,contiguity
23422,23423,shared boundary,contiguity
23422,23432,shared boundary,contiguity
23423,23424,shared boundary,contiguity
23425,23426,shared boundary,contiguity
23425,23427,shared boundary,contiguity
23425,23429,shared boundary,contiguity
23426,23427,shared boundary,contiguity
23426,23428,shared boundary,contiguity
23426,23429,shared boundary,contiguity
23427,23428,shared boundary,contiguity
23428,23429,shared boundary,contiguity
23428,23430,shared boundary,contiguity
23428,24302,shared boundary,contiguity
23428,24303,shared boundary,contiguity
23429,23430,shared boundary,contiguity
23430,23431,shared boundary,contiguity
23430,23432,shared boundary,contiguity
23430,24301,shared boundary,contiguity
23430,24302,shared boundary,contiguity
23431,23432,shared boundary,contiguity
23441,23442,shared boundary,contiguity
23445,23446,shared boundary,contiguity
23446,23447,shared boundary,contiguity
23481,23482,shared boundary,contiguity
23482,23483,shared boundary,contiguity
23482,23501,shared boundary,contiguity
23483,23501,shared boundary,contiguity
23502,23543,shared boundary,contiguity
23502,23582,shared boundary,contiguity
23502,23601,shared boundary,contiguity
23502,23602,shared boundary,contiguity
23522,23523,shared boundary,contiguity
23522,23541,shared boundary,contiguity
23523,23541,shared boundary,contiguity
23523,23544,shared boundary,contiguity
23541,23543,shared boundary,contiguity
23541,23544,shared boundary,contiguity
23541,23561,shared boundary,contiguity
23541,23566,shared boundary,contiguity
23543,23561,shared boundary,contiguity
23543,23582,shared boundary,contiguity
23544,23566,shared boundary,contiguity
23561,23562,shared boundary,contiguity
23561,23565,shared boundary,contiguity
23561,23566,shared boundary,contiguity
23561,23581,shared boundary,contiguity
23561,23582,shared boundary,contiguity
23562,23563,shared boundary,contiguity
23562,23565,shared boundary,contiguity
23562,23581,shared boundary,contiguity
23563,23564,shared boundary,contiguity
23563,23565,shared boundary,contiguity
23565,23566,shared boundary,contiguity
23581,23582,shared boundary,contiguity
23582,23602,shared boundary,contiguity
23601,23604,shared boundary,contiguity
23603,23604,shared boundary,contiguity
23621,23622,shared boundary,contiguity
23621,23623,shared boundary,contiguity
23622,23623,shared boundary,contiguity
24201,24207,shared boundary,contiguity
24201,24210,shared boundary,contiguity
24201,24213,shared boundary,contiguity
24201,24381,shared boundary,contiguity
24201,24382,shared boundary,contiguity
24201,24383,shared boundary,contiguity
24201,24384,shared boundary,contiguity
24201,24402,shared boundary,contiguity
24201,24407,shared boundary,contiguity
24202,24205,shared boundary,contiguity
24202,24207,shared boundary,contiguity
24202,24323,shared boundary,contiguity
24202,24324,shared boundary,contiguity
24202,24341,shared boundary,contiguity
24202,24342,shared boundary,contiguity
24202,24343,shared boundary,contiguity
24202,24344,shared boundary,contiguity
24202,25364,shared boundary,contiguity
24203,24211,shared boundary,contiguity
24203,24442,shared boundary,contiguity
24203,24461,shared boundary,contiguity
24203,24462,shared boundary,contiguity
24203,24463,shared boundary,contiguity
24203,24464,shared boundary,contiguity
24203,24468,shared boundary,contiguity
24203,24470,shared boundary,contiguity
24203,24525,shared boundary,contiguity
24204,24405,shared boundary,contiguity
24204,24407,shared boundary,contiguity
24204,24421,shared boundary,contiguity
24204,24441,shared boundary,contiguity
24204,24442,shared boundary,contiguity
24204,24444,shared boundary,contiguity
24205,24301,shared boundary,contiguity
24205,24302,shared boundary,contiguity
24205,24324,shared boundary,contiguity
24205,24343,shared boundary,contiguity
24205,24344,shared boundary,contiguity
24206,24208,shared boundary,contiguity
24206,24481,shared boundary,contiguity
24206,24482,shared boundary,contiguity
24206,24483,shared boundary,contiguity
24206,24484,shared boundary,contiguity
24206,24501,shared boundary,contiguity
24206,25367,shared boundary,contiguity
24206,29301,shared boundary,contiguity
24206,29322,shared boundary,contiguity
24207,24210,shared boundary,contiguity
24207,24342,shared boundary,contiguity
24207,24381,shared boundary,contiguity
24207,25364,shared boundary,contiguity
24208,24406,shared boundary,contiguity
24208,24501,shared boundary,contiguity
24208,29322,shared boundary,contiguity
24208,29384,shared boundary,contiguity
24208,29385,shared boundary,contiguity
24209,24212,shared boundary,contiguity
24209,24542,shared boundary,contiguity
24209,29451,shared boundary,contiguity
24210,24361,shared boundary,contiguity
24210,24382,shared boundary,contiguity
24210,25364,shared boundary,contiguity
24211,24525,shared boundary,contiguity
24212,24561,shared boundary,contiguity
24212,24563,shared boundary,contiguity
24212,29450,shared boundary,contiguity
24212,29451,shared boundary,contiguity
24212,30427,shared boundary,contiguity
24213,24383,shared boundary,contiguity
24213,24403,shared boundary,contiguity
24213,24404,shared boundary,contiguity
24213,24405,shared boundary,contiguity
24213,24407,shared boundary,contiguity
24213,24484,shared boundary,contiguity
24301,24302,shared boundary,contiguity
24301,24321,shared boundary,contiguity
24301,24322,shared boundary,contiguity
24301,24324,shared boundary,contiguity
24302,24303,shared boundary,contiguity
24321,24322,shared boundary,contiguity
24321,24323,shared boundary,contiguity
24321,24325,shared boundary,contiguity
24321,25401,shared boundary,contiguity
24322,24323,shared boundary,contiguity
24322,24324,shared boundary,contiguity
24323,24324,shared boundary,contiguity
24323,24341,shared boundary,contiguity
24323,25401,shared boundary,contiguity
24325,25401,shared boundary,contiguity
24325,25443,shared boundary,contiguity
24341,25364,shared boundary,contiguity
24341,25401,shared boundary,contiguity
24343,24344,shared boundary,contiguity
24361,24382,shared boundary,contiguity
24361,24481,shared boundary,contiguity
24361,24484,shared boundary,contiguity
24361,25364,shared boundary,contiguity
24361,25365,shared boundary,contiguity
24382,24383,shared boundary,contiguity
24382,24384,shared boundary,contiguity
24382,24484,shared boundary,contiguity
24383,24384,shared boundary,contiguity
24383,24484,shared boundary,contiguity
24402,24407,shared boundary,contiguity
24403,24404,shared boundary,contiguity
24403,24405,shared boundary,contiguity
24403,24406,shared boundary,contiguity
24404,24406,shared boundary,contiguity
24404,24484,shared boundary,contiguity
24404,24501,shared boundary,contiguity
24405,24406,shared boundary,contiguity
24405,24407,shared boundary,contiguity
24405,24421,shared boundary,contiguity
24406,24421,shared boundary,contiguity
24406,24422,shared boundary,contiguity
24406,24501,shared boundary,contiguity
24406,29385,shared boundary,contiguity
24406,29386,shared boundary,contiguity
24421,24422,shared boundary,contiguity
24421,24443,shared boundary,contiguity
24421,24444,shared boundary,contiguity
24421,24445,shared boundary,contiguity
24422,24445,shared boundary,contiguity
24422,29386,shared boundary,contiguity
24422,29452,shared boundary,contiguity
24422,29453,shared boundary,contiguity
24441,24442,shared boundary,contiguity
24441,24443,shared boundary,contiguity
24441,24444,shared boundary,contiguity
24441,24461,shared boundary,contiguity
24441,24470,shared boundary,contiguity
24442,24461,shared boundary,contiguity
24442,24463,shared boundary,contiguity
24443,24444,shared boundary,contiguity
24443,24445,shared boundary,contiguity
24443,24466,shared boundary,contiguity
24443,24467,shared boundary,contiguity
24443,24470,shared boundary,contiguity
24445,24466,shared boundary,contiguity
24445,24467,shared boundary,contiguity
24445,24469,shared boundary,contiguity
24445,24541,shared boundary,contiguity
24445,24542,shared boundary,contiguity
24445,29451,shared boundary,contiguity
24445,29452,shared boundary,contiguity
24461,24463,shared boundary,contiguity
24461,24470,shared boundary,contiguity
24463,24468,shared boundary,contiguity
24464,24465,shared boundary,contiguity
24464,24470,shared boundary,contiguity
24464,24521,shared boundary,contiguity
24464,24525,shared boundary,contiguity
24465,24466,shared boundary,contiguity
24465,24467,shared boundary,contiguity
24465,24470,shared boundary,contiguity
24466,24467,shared boundary,contiguity
24466,24470,shared boundary,contiguity
24467,24469,shared boundary,contiguity
24467,24541,shared boundary,contiguity
24469,24541,shared boundary,contiguity
24481,24483,shared boundary,contiguity
24481,24484,shared boundary,contiguity
24481,25365,shared boundary,contiguity
24482,25367,shared boundary,contiguity
24482,26367,shared boundary,contiguity
24482,29301,shared boundary,contiguity
24483,25365,shared boundary,contiguity
24483,25366,shared boundary,contiguity
24483,25367,shared boundary,contiguity
24484,24501,shared boundary,contiguity
24521,24524,shared boundary,contiguity
24521,24525,shared boundary,contiguity
24522,24523,shared boundary,contiguity
24522,24524,shared boundary,contiguity
24524,24525,shared boundary,contiguity
24541,24542,shared boundary,contiguity
24542,29451,shared boundary,contiguity
24561,24562,shared boundary,contiguity
24561,24563,shared boundary,contiguity
24562,24563,shared boundary,contiguity
24562,24564,shared boundary,contiguity
24562,30207,shared boundary,contiguity
24562,30425,shared boundary,contiguity
24563,29449,shared boundary,contiguity
24563,30207,shared boundary,contiguity
24563,30425,shared boundary,contiguity
24563,30427,shared boundary,contiguity
24564,30207,shared boundary,contiguity
25201,25206,shared boundary,contiguity
25201,25301,shared boundary,contiguity
25201,25321,shared boundary,contiguity
25201,25367,shared boundary,contiguity
25201,25523,shared boundary,contiguity
25201,25525,shared boundary,contiguity
25201,26100,shared boundary,contiguity
25201,26204,shared boundary,contiguity
25201,26344,shared boundary,contiguity
25202,25403,shared boundary,contiguity
25202,25424,shared boundary,contiguity
25202,25441,shared boundary,contiguity
25202,25442,shared boundary,contiguity
25202,25443,shared boundary,contiguity
25202,25463,shared boundary,contiguity
25203,25461,shared boundary,contiguity
25203,25464,shared boundary,contiguity
25203,25481,shared boundary,contiguity
25203,25482,shared boundary,contiguity
25203,25484,shared boundary,contiguity
25204,25205,shared boundary,contiguity
25204,25342,shared boundary,contiguity
25204,25343,shared boundary,contiguity
25204,25381,shared boundary,contiguity
25204,25384,shared boundary,contiguity
25204,25403,shared boundary,contiguity
25205,25381,shared boundary,contiguity
25205,25382,shared boundary,contiguity
25205,25383,shared boundary,contiguity
25205,25384,shared boundary,contiguity
25205,25401,shared boundary,contiguity
25205,25402,shared boundary,contiguity
25205,25421,shared boundary,contiguity
25205,25422,shared boundary,contiguity
25206,25207,shared boundary,contiguity
25206,25321,shared boundary,contiguity
25207,25321,shared boundary,contiguity
25207,25342,shared boundary,contiguity
25207,25343,shared boundary,contiguity
25301,25523,shared boundary,contiguity
25301,25525,shared boundary,contiguity
25321,25343,shared boundary,contiguity
25321,25361,shared boundary,contiguity
25321,25362,shared boundary,contiguity
25321,25367,shared boundary,contiguity
25342,25343,shared boundary,contiguity
25343,25361,shared boundary,contiguity
25343,25362,shared boundary,contiguity
25343,25384,shared boundary,contiguity
25361,25362,shared boundary,contiguity
25362,25363,shared boundary,contiguity
25362,25367,shared boundary,contiguity
25362,25384,shared boundary,contiguity
25363,25364,shared boundary,contiguity
25363,25365,shared boundary,contiguity
25363,25366,shared boundary,contiguity
25363,25367,shared boundary,contiguity
25363,25382,shared boundary,contiguity
25363,25383,shared boundary,contiguity
25363,25384,shared boundary,contiguity
25364,25365,shared boundary,contiguity
25364,25383,shared boundary,contiguity
25364,25401,shared boundary,contiguity
25365,25366,shared boundary,contiguity
25366,25367,shared boundary,contiguity
25367,26344,shared boundary,contiguity
25367,26365,shared boundary,contiguity
25367,26367,shared boundary,contiguity
25381,25402,shared boundary,contiguity
25381,25403,shared boundary,contiguity
25382,25383,shared boundary,contiguity
25382,25384,shared boundary,contiguity
25383,25401,shared boundary,contiguity
25401,25421,shared boundary,contiguity
25401,25443,shared boundary,contiguity
25402,25403,shared boundary,contiguity
25402,25422,shared boundary,contiguity
25402,25424,shared boundary,contiguity
25403,25424,shared boundary,contiguity
25421,25422,shared boundary,contiguity
25421,25423,shared boundary,contiguity
25421,25443,shared boundary,contiguity
25422,25423,shared boundary,contiguity
25422,25424,shared boundary,contiguity
25423,25424,shared boundary,contiguity
25423,25441,shared boundary,contiguity
25423,25442,shared boundary,contiguity
25423,25443,shared boundary,contiguity
25424,25441,shared boundary,contiguity
25441,25442,shared boundary,contiguity
25442,25443,shared boundary,contiguity
25443,25463,shared boundary,contiguity
25461,25462,shared boundary,contiguity
25461,25463,shared boundary,contiguity
25461,25464,shared boundary,contiguity
25461,25481,shared boundary,contiguity
25462,25481,shared boundary,contiguity
25463,25464,shared boundary,contiguity
25481,25482,shared boundary,contiguity
25481,25483,shared boundary,contiguity
25481,25501,shared boundary,contiguity
25481,25502,shared boundary,contiguity
25482,25483,shared boundary,contiguity
25482,25484,shared boundary,contiguity
25483,25484,shared boundary,contiguity
25483,25501,shared boundary,contiguity
25483,25504,shared boundary,contiguity
25501,25502,shared boundary,contiguity
25501,25504,shared boundary,contiguity
25502,25503,shared boundary,contiguity
25502,25504,shared boundary,contiguity
25503,25504,shared boundary,contiguity
25504,25521,shared boundary,contiguity
25521,25522,shared boundary,contiguity
25522,25523,shared boundary,contiguity
25522,25524,shared boundary,contiguity
25522,25526,shared boundary,contiguity
25523,25524,shared boundary,contiguity
25523,25525,shared boundary,contiguity
25523,26100,shared boundary,contiguity
25523,26382,shared boundary,contiguity
25524,25525,shared boundary,contiguity
25524,25526,shared boundary,contiguity
26100,26204,shared boundary,contiguity
26100,26206,shared boundary,contiguity
26100,26208,shared boundary,contiguity
26100,26209,shared boundary,contiguity
26100,26210,shared boundary,contiguity
26100,26303,shared boundary,contiguity
26100,26322,shared boundary,contiguity
26100,26381,shared boundary,contiguity
26100,26382,shared boundary,contiguity
26100,26402,shared boundary,contiguity
26100,27207,shared boundary,contiguity
26100,27301,shared boundary,contiguity
26201,26203,shared boundary,contiguity
26201,26421,shared boundary,contiguity
26201,26422,shared boundary,contiguity
26201,26441,shared boundary,contiguity
26201,26461,shared boundary,contiguity
26201,28562,shared boundary,contiguity
26201,28643,shared boundary,contiguity
26201,28646,shared boundary,contiguity
26202,26203,shared boundary,contiguity
26202,26205,shared boundary,contiguity
26202,26441,shared boundary,contiguity
26203,26382,shared boundary,contiguity
26203,26406,shared boundary,contiguity
26203,26421,shared boundary,contiguity
26203,26441,shared boundary,contiguity
26204,26207,shared boundary,contiguity
26204,26322,shared boundary,contiguity
26204,26344,shared boundary,contiguity
26205,26441,shared boundary,contiguity
26205,26461,shared boundary,contiguity
26205,26462,shared boundary,contiguity
26205,26463,shared boundary,contiguity
26205,26464,shared boundary,contiguity
26205,26482,shared boundary,contiguity
26205,26503,shared boundary,contiguity
26206,26401,shared boundary,contiguity
26206,26402,shared boundary,contiguity
26206,27207,shared boundary,contiguity
26206,27211,shared boundary,contiguity
26206,27321,shared boundary,contiguity
26206,27322,shared boundary,contiguity
26207,26210,shared boundary,contiguity
26207,26322,shared boundary,contiguity
26207,26342,shared boundary,contiguity
26207,26343,shared boundary,contiguity
26207,26344,shared boundary,contiguity
26208,26209,shared boundary,contiguity
26209,26303,shared boundary,contiguity
26209,27301,shared boundary,contiguity
26210,26303,shared boundary,contiguity
26210,26322,shared boundary,contiguity
26210,26342,shared boundary,contiguity
26210,27210,shared boundary,contiguity
26210,27301,shared boundary,contiguity
26303,27301,shared boundary,contiguity
26322,26344,shared boundary,contiguity
26342,26343,shared boundary,contiguity
26342,26361,shared boundary,contiguity
26342,26366,shared boundary,contiguity
26342,27210,shared boundary,contiguity
26342,29209,shared boundary,contiguity
26343,26344,shared boundary,contiguity
26343,26361,shared boundary,contiguity
26343,26365,shared boundary,contiguity
26343,26366,shared boundary,contiguity
26344,26365,shared boundary,contiguity
26361,26362,shared boundary,contiguity
26361,26363,shared boundary,contiguity
26361,26365,shared boundary,contiguity
26361,26366,shared boundary,contiguity
26362,26363,shared boundary,contiguity
26362,26366,shared boundary,contiguity
26362,29201,shared boundary,contiguity
26363,26364,shared boundary,contiguity
26363,26365,shared boundary,contiguity
26363,29201,shared boundary,contiguity
26364,26365,shared boundary,contiguity
26364,26367,shared boundary,contiguity
26364,29201,shared boundary,contiguity
26365,26367,shared boundary,contiguity
26366,29201,shared boundary,contiguity
26366,29209,shared boundary,contiguity
26367,29201,shared boundary,contiguity
26367,29301,shared boundary,contiguity
26381,26382,shared boundary,contiguity
26381,26402,shared boundary,contiguity
26381,26404,shared boundary,contiguity
26382,26404,shared boundary,contiguity
26382,26406,shared boundary,contiguity
26401,26402,shared boundary,contiguity
26401,26403,shared boundary,contiguity
26401,26404,shared boundary,contiguity
26401,27322,shared boundary,contiguity
26401,28661,shared boundary,contiguity
26402,26404,shared boundary,contiguity
26403,26404,shared boundary,contiguity
26403,26405,shared boundary,contiguity
26403,26406,shared boundary,contiguity
26403,28661,shared boundary,contiguity
26404,26406,shared boundary,contiguity
26405,26406,shared boundary,contiguity
26405,26421,shared boundary,contiguity
26405,28661,shared boundary,contiguity
26405,28664,shared boundary,contiguity
26406,26421,shared boundary,contiguity
26421,28644,shared boundary,contiguity
26421,28646,shared boundary,contiguity
26421,28664,shared boundary,contiguity
26422,28562,shared boundary,contiguity
26422,28622,shared boundary,contiguity
26422,28623,shared boundary,contiguity
26422,28643,shared boundary,contiguity
26441,26461,shared boundary,contiguity
26461,26464,shared boundary,contiguity
26461,28562,shared boundary,contiguity
26462,26464,shared boundary,contiguity
26462,26482,shared boundary,contiguity
26463,26502,shared boundary,contiguity
26463,26503,shared boundary,contiguity
26464,26482,shared boundary,contiguity
26464,28562,shared boundary,contiguity
26481,26482,shared boundary,contiguity
26481,26501,shared boundary,contiguity
26481,26503,shared boundary,contiguity
26481,26521,shared boundary,contiguity
26481,28562,shared boundary,contiguity
26482,26503,shared boundary,contiguity
26482,28562,shared boundary,contiguity
26501,26502,shared boundary,contiguity
26501,26503,shared boundary,contiguity
26501,26521,shared boundary,contiguity
26502,26503,shared boundary,contiguity
26521,28209,shared boundary,contiguity
26521,28562,shared boundary,contiguity
27100,27201,shared boundary,contiguity
27100,27203,shared boundary,contiguity
27100,27205,shared boundary,contiguity
27100,27209,shared boundary,contiguity
27100,27212,shared boundary,contiguity
27100,27217,shared boundary,contiguity
27100,27218,shared boundary,contiguity
27100,27223,shared boundary,contiguity
27100,27224,shared boundary,contiguity
27100,27227,shared boundary,contiguity
27100,28202,shared boundary,contiguity
27201,27216,shared boundary,contiguity
27201,27217,shared boundary,contiguity
27201,27219,shared boundary,contiguity
27201,27225,shared boundary,contiguity
27201,27384,shared boundary,contiguity
27201,27385,shared boundary,contiguity
27202,27208,shared boundary,contiguity
27202,27219,shared boundary,contiguity
27202,27341,shared boundary,contiguity
27202,30323,shared boundary,contiguity
27202,30341,shared boundary,contiguity
27203,27204,shared boundary,contiguity
27203,27205,shared boundary,contiguity
27203,27220,shared boundary,contiguity
27203,28202,shared boundary,contiguity
27203,28207,shared boundary,contiguity
27204,27220,shared boundary,contiguity
27204,28207,shared boundary,contiguity
27204,28217,shared boundary,contiguity
27205,27211,shared boundary,contiguity
27205,27220,shared boundary,contiguity
27205,27224,shared boundary,contiguity
27206,27219,shared boundary,contiguity
27206,27225,shared boundary,contiguity
27206,27341,shared boundary,contiguity
27207,27210,shared boundary,contiguity
27207,27211,shared boundary,contiguity
27207,27215,shared boundary,contiguity
27207,27224,shared boundary,contiguity
27207,27301,shared boundary,contiguity
27208,27213,shared boundary,contiguity
27208,27361,shared boundary,contiguity
27208,30322,shared boundary,contiguity
27208,30323,shared boundary,contiguity
27209,27215,shared boundary,contiguity
27209,27223,shared boundary,contiguity
27209,27224,shared boundary,contiguity
27210,27215,shared boundary,contiguity
27210,27230,shared boundary,contiguity
27210,27301,shared boundary,contiguity
27210,29209,shared boundary,contiguity
27211,27220,shared boundary,contiguity
27211,27224,shared boundary,contiguity
27211,27321,shared boundary,contiguity
27212,27217,shared boundary,contiguity
27212,27221,shared boundary,contiguity
27212,27226,shared boundary,contiguity
27212,27227,shared boundary,contiguity
27212,29342,shared boundary,contiguity
27212,29343,shared boundary,contiguity
27213,27228,shared boundary,contiguity
27213,27361,shared boundary,contiguity
27213,27362,shared boundary,contiguity
27213,30321,shared boundary,contiguity
27213,30322,shared boundary,contiguity
27214,27216,shared boundary,contiguity
27214,27222,shared boundary,contiguity
27214,27381,shared boundary,contiguity
27214,27382,shared boundary,contiguity
27214,27383,shared boundary,contiguity
27214,27384,shared boundary,contiguity
27214,27385,shared boundary,contiguity
27215,27218,shared boundary,contiguity
27215,27223,shared boundary,contiguity
27215,27224,shared boundary,contiguity
27215,27229,shared boundary,contiguity
27215,27230,shared boundary,contiguity
27216,27219,shared boundary,contiguity
27216,27383,shared boundary,contiguity
27216,27384,shared boundary,contiguity
27216,29207,shared boundary,contiguity
27216,30203,shared boundary,contiguity
27216,30341,shared boundary,contiguity
27216,30342,shared boundary,contiguity
27217,27222,shared boundary,contiguity
27217,27226,shared boundary,contiguity
27217,27385,shared boundary,contiguity
27218,27223,shared boundary,contiguity
27218,27227,shared boundary,contiguity
27218,27229,shared boundary,contiguity
27218,29209,shared boundary,contiguity
27219,27225,shared boundary,contiguity
27219,27341,shared boundary,contiguity
27219,30341,shared boundary,contiguity
27220,27321,shared boundary,contiguity
27220,28217,shared boundary,contiguity
27221,27222,shared boundary,contiguity
27221,27226,shared boundary,contiguity
27221,29343,shared boundary,contiguity
27221,29423,shared boundary,contiguity
27221,29425,shared boundary,contiguity
27222,27226,shared boundary,contiguity
27222,27381,shared boundary,contiguity
27222,27385,shared boundary,contiguity
27222,29423,shared boundary,contiguity
27227,29209,shared boundary,contiguity
27227,29342,shared boundary,contiguity
27228,27362,shared boundary,contiguity
27228,27367,shared boundary,contiguity
27228,30321,shared boundary,contiguity
27228,30326,shared boundary,contiguity
27229,27230,shared boundary,contiguity
27229,29209,shared boundary,contiguity
27230,29209,shared boundary,contiguity
27321,27322,shared boundary,contiguity
27321,28217,shared boundary,contiguity
27322,28217,shared boundary,contiguity
27322,28301,shared boundary,contiguity
27322,28661,shared boundary,contiguity
27366,27367,shared boundary,contiguity
27366,30201,shared boundary,contiguity
27367,30201,shared boundary,contiguity
27367,30326,shared boundary,contiguity
27381,27382,shared boundary,contiguity
27381,29422,shared boundary,contiguity
27381,29423,shared boundary,contiguity
27382,27383,shared boundary,contiguity
27382,29208,shared boundary,contiguity
27382,29421,shared boundary,contiguity
27382,29422,shared boundary,contiguity
27383,29207,shared boundary,contiguity
27383,29208,shared boundary,contiguity
27383,29421,shared boundary,contiguity
27384,27385,shared boundary,contiguity
28100,28203,shared boundary,contiguity
28100,28204,shared boundary,contiguity
28100,28206,shared boundary,contiguity
28100,28214,shared boundary,contiguity
28100,28215,shared boundary,contiguity
28100,28219,shared boundary,contiguity
28100,28321,shared boundary,contiguity
28100,28381,shared boundary,contiguity
28100,28682,Akashi-Kaikyo Bridge,between blocks
28201,28210,shared boundary,contiguity
28201,28211,shared boundary,contiguity
28201,28216,shared boundary,contiguity
28201,28220,shared boundary,contiguity
28201,28422,shared boundary,contiguity
28201,28443,shared boundary,contiguity
28201,28444,shared boundary,contiguity
28201,28461,shared boundary,contiguity
28201,28463,shared boundary,contiguity
28201,28464,shared boundary,contiguity
28201,28522,shared boundary,contiguity
28202,28204,shared boundary,contiguity
28202,28207,shared boundary,contiguity
28203,28210,shared boundary,contiguity
28203,28381,shared boundary,contiguity
28203,28382,shared boundary,contiguity
28204,28206,shared boundary,contiguity
28204,28207,shared boundary,contiguity
28204,28214,shared boundary,contiguity
28205,28681,shared boundary,contiguity
28205,28685,shared boundary,contiguity
28205,28701,shared boundary,contiguity
28205,28703,shared boundary,contiguity
28205,28704,shared boundary,contiguity
28207,28214,shared boundary,contiguity
28207,28217,shared boundary,contiguity
28208,28211,shared boundary,contiguity
28208,28212,shared boundary,contiguity
28208,28461,shared boundary,contiguity
28208,28462,shared boundary,contiguity
28208,28463,shared boundary,contiguity
28208,28481,shared boundary,contiguity
28209,28541,shared boundary,contiguity
28209,28542,shared boundary,contiguity
28209,28544,shared boundary,contiguity
28209,28561,shared boundary,contiguity
28210,28215,shared boundary,contiguity
28210,28216,shared boundary,contiguity
28210,28218,shared boundary,contiguity
28210,28220,shared boundary,contiguity
28210,28381,shared boundary,contiguity
28210,28382,shared boundary,contiguity
28211,28461,shared boundary,contiguity
28211,28462,shared boundary,contiguity
28211,28463,shared boundary,contiguity
28211,28464,shared boundary,contiguity
28212,28481,shared boundary,contiguity
28212,33211,shared boundary,contiguity
28212,33342,shared boundary,contiguity
28213,28220,shared boundary,contiguity
28213,28341,shared boundary,contiguity
28213,28342,shared boundary,contiguity
28213,28361,shared boundary,contiguity
28213,28363,shared boundary,contiguity
28213,28364,shared boundary,contiguity
28213,28645,shared boundary,contiguity
28213,28666,shared boundary,contiguity
28214,28217,shared boundary,contiguity
28214,28219,shared boundary,contiguity
28214,28301,shared boundary,contiguity
28215,28218,shared boundary,contiguity
28215,28321,shared boundary,contiguity
28215,28343,shared boundary,contiguity
28215,28381,shared boundary,contiguity
28217,28301,shared boundary,contiguity
28218,28220,shared boundary,contiguity
28218,28341,shared boundary,contiguity
28218,28342,shared boundary,contiguity
28218,28343,shared boundary,contiguity
28219,28301,shared boundary,contiguity
28219,28321,shared boundary,contiguity
28219,28341,shared boundary,contiguity
28219,28343,shared boundary,contiguity
28219,28661,shared boundary,contiguity
28219,28665,shared boundary,contiguity
28219,28666,shared boundary,contiguity
28220,28342,shared boundary,contiguity
28220,28363,shared boundary,contiguity
28220,28442,shared boundary,contiguity
28220,28443,shared boundary,contiguity
28301,28661,shared boundary,contiguity
28321,28343,shared boundary,contiguity
28341,28342,shared boundary,contiguity
28341,28343,shared boundary,contiguity
28341,28666,shared boundary,contiguity
28361,28362,shared boundary,contiguity
28361,28363,shared boundary,contiguity
28361,28364,shared boundary,contiguity
28361,28645,shared boundary,contiguity
28362,28363,shared boundary,contiguity
28362,28441,shared boundary,contiguity
28362,28621,shared boundary,contiguity
28362,28642,shared boundary,contiguity
28362,28643,shared boundary,contiguity
28362,28645,shared boundary,contiguity
28363,28441,shared boundary,contiguity
28363,28442,shared boundary,contiguity
28364,28645,shared boundary,contiguity
28422,28442,shared boundary,contiguity
28422,28443,shared boundary,contiguity
28422,28444,shared boundary,contiguity
28422,28445,shared boundary,contiguity
28422,28522,shared boundary,contiguity
28422,28523,shared boundary,contiguity
28441,28442,shared boundary,contiguity
28441,28445,shared boundary,contiguity
28441,28621,shared boundary,contiguity
28442,28443,shared boundary,contiguity
28442,28445,shared boundary,contiguity
28443,28444,shared boundary,contiguity
28445,28523,shared boundary,contiguity
28445,28621,shared boundary,contiguity
28461,28481,shared boundary,contiguity
28461,28504,shared boundary,contiguity
28461,28521,shared boundary,contiguity
28461,28522,shared boundary,contiguity
28462,28463,shared boundary,contiguity
28481,28502,shared boundary,contiguity
28481,28503,shared boundary,contiguity
28481,28504,shared boundary,contiguity
28481,33211,shared boundary,contiguity
28481,33344,shared boundary,contiguity
28501,28502,shared boundary,contiguity
28501,28503,shared boundary,contiguity
28501,28525,shared boundary,contiguity
28501,33641,shared boundary,contiguity
28501,33642,shared boundary,contiguity
28501,33645,shared boundary,contiguity
28502,28503,shared boundary,contiguity
28502,33344,shared boundary,contiguity
28502,33645,shared boundary,contiguity
28503,28504,shared boundary,contiguity
28503,28521,shared boundary,contiguity
28503,28525,shared boundary,contiguity
28504,28521,shared boundary,contiguity
28521,28522,shared boundary,contiguity
28521,28523,shared boundary,contiguity
28521,28524,shared boundary,contiguity
28521,28525,shared boundary,contiguity
28522,28523,shared boundary,contiguity
28523,28524,shared boundary,contiguity
28523,28603,shared boundary,contiguity
28523,28621,shared boundary,contiguity
28523,28624,shared boundary,contiguity
28524,28525,shared boundary,contiguity
28524,28603,shared boundary,contiguity
28524,31325,shared boundary,contiguity
28525,31325,shared boundary,contiguity
28525,33642,shared boundary,contiguity
28525,33643,shared boundary,contiguity
28541,28542,shared boundary,contiguity
28542,28543,shared boundary,contiguity
28542,28544,shared boundary,contiguity
28542,28581,shared boundary,contiguity
28543,28581,shared boundary,contiguity
28543,28582,shared boundary,contiguity
28544,28561,shared boundary,contiguity
28544,28581,shared boundary,contiguity
28544,28601,shared boundary,contiguity
28561,28562,shared boundary,contiguity
28561,28601,shared boundary,contiguity
28561,28602,shared boundary,contiguity
28561,28622,shared boundary,contiguity
28562,28622,shared boundary,contiguity
28581,28582,shared boundary,contiguity
28581,28583,shared boundary,contiguity
28581,28584,shared boundary,contiguity
28581,28601,shared boundary,contiguity
28581,28604,shared boundary,contiguity
28582,28584,shared boundary,contiguity
28582,31302,shared boundary,contiguity
28583,28584,shared boundary,contiguity
28583,28604,shared boundary,contiguity
28583,31325,shared boundary,contiguity
28584,31301,shared boundary,contiguity
28584,31302,shared boundary,contiguity
28584,31325,shared boundary,contiguity
28601,28602,shared boundary,contiguity
28601,28603,shared boundary,contiguity
28601,28604,shared boundary,contiguity
28602,28603,shared boundary,contiguity
28602,28622,shared boundary,contiguity
28602,28624,shared boundary,contiguity
28603,28604,shared boundary,contiguity
28603,28624,shared boundary,contiguity
28603,31325,shared boundary,contiguity
28604,31325,shared boundary,contiguity
28621,28623,shared boundary,contiguity
28621,28624,shared boundary,contiguity
28621,28643,shared boundary,contiguity
28622,28623,shared boundary,contiguity
28622,28624,shared boundary,contiguity
28623,28624,shared boundary,contiguity
28623,28643,shared boundary,contiguity
28641,28642,shared boundary,contiguity
28641,28644,shared boundary,contiguity
28641,28645,shared boundary,contiguity
28641,28665,shared boundary,contiguity
28642,28643,shared boundary,contiguity
28642,28644,shared boundary,contiguity
28642,28645,shared boundary,contiguity
28642,28646,shared boundary,contiguity
28643,28646,shared boundary,contiguity
28644,28646,shared boundary,contiguity
28644,28664,shared boundary,contiguity
28644,28665,shared boundary,contiguity
28645,28665,shared boundary,contiguity
28645,28666,shared boundary,contiguity
28661,28664,shared boundary,contiguity
28661,28665,shared boundary,contiguity
28664,28665,shared boundary,contiguity
28665,28666,shared boundary,contiguity
28681,28683,shared boundary,contiguity
28681,28684,shared boundary,contiguity
28681,28685,shared boundary,contiguity
28681,28686,shared boundary,contiguity
28682,28683,shared boundary,contiguity
28682,28686,shared boundary,contiguity
28683,28684,shared boundary,contiguity
28683,28686,shared boundary,contiguity
28684,28685,shared boundary,contiguity
28685,28701,shared boundary,contiguity
28685,28702,shared boundary,contiguity
28701,28702,shared boundary,contiguity
28701,28703,shared boundary,contiguity
28702,28703,shared boundary,contiguity
28702,28704,shared boundary,contiguity
28703,28704,shared boundary,contiguity
28704,36202,Onaruto Bridge,between blocks
29201,29203,shared boundary,contiguity
29201,29204,shared boundary,contiguity
29201,29209,shared boundary,contiguity
29201,29301,shared boundary,contiguity
29201,29321,shared boundary,contiguity
29201,29322,shared boundary,contiguity
29202,29205,shared boundary,contiguity
29202,29208,shared boundary,contiguity
29202,29421,shared boundary,contiguity
29202,29422,shared boundary,contiguity
29202,29423,shared boundary,contiguity
29202,29426,shared boundary,contiguity
29203,29204,shared boundary,contiguity
29203,29209,shared boundary,contiguity
29203,29342,shared boundary,contiguity
29203,29344,shared boundary,contiguity
29203,29345,shared boundary,contiguity
29203,29361,shared boundary,contiguity
29204,29206,shared boundary,contiguity
29204,29321,shared boundary,contiguity
29204,29361,shared boundary,contiguity
29204,29362,shared boundary,contiguity
29204,29363,shared boundary,contiguity
29205,29206,shared boundary,contiguity
29205,29208,shared boundary,contiguity
29205,29363,shared boundary,contiguity
29205,29401,shared boundary,contiguity
29205,29402,shared boundary,contiguity
29205,29426,shared boundary,contiguity
29206,29321,shared boundary,contiguity
29206,29363,shared boundary,contiguity
29206,29381,shared boundary,contiguity
29206,29383,shared boundary,contiguity
29206,29402,shared boundary,contiguity
29206,29441,shared boundary,contiguity
29207,29208,shared boundary,contiguity
29207,29442,shared boundary,contiguity
29207,29443,shared boundary,contiguity
29207,29445,shared boundary,contiguity
29207,30203,shared boundary,contiguity
29207,30344,shared boundary,contiguity
29208,29401,shared boundary,contiguity
29208,29421,shared boundary,contiguity
29208,29442,shared boundary,contiguity
29209,29342,shared boundary,contiguity
29209,29344,shared boundary,contiguity
29301,29322,shared boundary,contiguity
29321,29322,shared boundary,contiguity
29321,29383,shared boundary,contiguity
29321,29384,shared boundary,contiguity
29322,29384,shared boundary,contiguity
29342,29343,shared boundary,contiguity
29342,29344,shared boundary,contiguity
29343,29344,shared boundary,contiguity
29343,29425,shared boundary,contiguity
29344,29345,shared boundary,contiguity
29344,29425,shared boundary,contiguity
29344,29427,shared boundary,contiguity
29345,29361,shared boundary,contiguity
29345,29427,shared boundary,contiguity
29361,29362,shared boundary,contiguity
29361,29426,shared boundary,contiguity
29361,29427,shared boundary,contiguity
29362,29363,shared boundary,contiguity
29362,29426,shared boundary,contiguity
29362,29427,shared boundary,contiguity
29363,29426,shared boundary,contiguity
29381,29382,shared boundary,contiguity
29381,29383,shared boundary,contiguity
29381,29441,shared boundary,contiguity
29382,29383,shared boundary,contiguity
29382,29384,shared boundary,contiguity
29382,29441,shared boundary,contiguity
29382,29453,shared boundary,contiguity
29383,29384,shared boundary,contiguity
29384,29385,shared boundary,contiguity
29384,29453,shared boundary,contiguity
29385,29386,shared boundary,contiguity
29385,29453,shared boundary,contiguity
29386,29453,shared boundary,contiguity
29401,29402,shared boundary,contiguity
29401,29441,shared boundary,contiguity
29401,29442,shared boundary,contiguity
29402,29441,shared boundary,contiguity
29402,29442,shared boundary,contiguity
29421,29422,shared boundary,contiguity
29422,29423,shared boundary,contiguity
29423,29424,shared boundary,contiguity
29423,29425,shared boundary,contiguity
29423,29426,shared boundary,contiguity
29424,29425,shared boundary,contiguity
29424,29426,shared boundary,contiguity
29424,29427,shared boundary,contiguity
29425,29427,shared boundary,contiguity
29426,29427,shared boundary,contiguity
29441,29442,shared boundary,contiguity
29441,29443,shared boundary,contiguity
29441,29444,shared boundary,contiguity
29441,29452,shared boundary,contiguity
29441,29453,shared boundary,contiguity
29442,29443,shared boundary,contiguity
29443,29444,shared boundary,contiguity
29443,29445,shared boundary,contiguity
29444,29445,shared boundary,contiguity
29444,29446,shared boundary,contiguity
29444,29452,shared boundary,contiguity
29445,29446,shared boundary,contiguity
29445,29448,shared boundary,contiguity
29445,30344,shared boundary,contiguity
29446,29448,shared boundary,contiguity
29446,29451,shared boundary,contiguity
29446,29452,shared boundary,contiguity
29447,29448,shared boundary,contiguity
29447,29449,shared boundary,contiguity
29447,30344,shared boundary,contiguity
29447,30345,shared boundary,contiguity
29447,30365,shared boundary,contiguity
29447,30387,shared boundary,contiguity
29448,29449,shared boundary,contiguity
29448,29451,shared boundary,contiguity
29448,30344,shared boundary,contiguity
29449,29450,shared boundary,contiguity
29449,29451,shared boundary,contiguity
29449,30387,shared boundary,contiguity
29449,30402,shared boundary,contiguity
29449,30425,shared boundary,contiguity
29449,30426,shared boundary,contiguity
29449,30427,shared boundary,contiguity
29450,29451,shared boundary,contiguity
29450,30427,shared boundary,contiguity
29451,29452,shared boundary,contiguity
29452,29453,shared boundary,contiguity
30201,30202,shared boundary,contiguity
30201,30325,shared boundary,contiguity
30201,30326,shared boundary,contiguity
30202,30301,shared boundary,contiguity
30202,30302,shared boundary,contiguity
30202,30325,shared boundary,contiguity
30202,30364,shared boundary,contiguity
30203,30342,shared boundary,contiguity
30203,30343,shared boundary,contiguity
30203,30344,shared boundary,contiguity
30204,30301,shared boundary,contiguity
30204,30361,shared boundary,contiguity
30204,30363,shared boundary,contiguity
30205,30381,shared boundary,contiguity
30205,30382,shared boundary,contiguity
30205,30384,shared boundary,contiguity
30205,30390,shared boundary,contiguity
30206,30388,shared boundary,contiguity
30206,30389,shared boundary,contiguity
30206,30401,shared boundary,contiguity
30206,30402,shared boundary,contiguity
30206,30404,shared boundary,contiguity
30207,30421,shared boundary,contiguity
30207,30425,shared boundary,contiguity
30301,30363,shared boundary,contiguity
30301,30364,shared boundary,contiguity
30302,30303,shared boundary,contiguity
30302,30324,shared boundary,contiguity
30302,30325,shared boundary,contiguity
30302,30364,shared boundary,contiguity
30302,30365,shared boundary,contiguity
30303,30322,shared boundary,contiguity
30303,30324,shared boundary,contiguity
30303,30341,shared boundary,contiguity
30303,30345,shared boundary,contiguity
30303,30365,shared boundary,contiguity
30321,30322,shared boundary,contiguity
30321,30324,shared boundary,contiguity
30321,30326,shared boundary,contiguity
30322,30323,shared boundary,contiguity
30322,30324,shared boundary,contiguity
30322,30341,shared boundary,contiguity
30323,30341,shared boundary,contiguity
30324,30325,shared boundary,contiguity
30324,30326,shared boundary,contiguity
30325,30326,shared boundary,contiguity
30341,30342,shared boundary,contiguity
30341,30343,shared boundary,contiguity
30341,30344,shared boundary,contiguity
30341,30345,shared boundary,contiguity
30342,30343,shared boundary,contiguity
30343,30344,shared boundary,contiguity
30344,30345,shared boundary,contiguity
30345,30365,shared boundary,contiguity
30361,30362,shared boundary,contiguity
30361,30363,shared boundary,contiguity
30361,30364,shared boundary,contiguity
30362,30364,shared boundary,contiguity
30362,30382,shared boundary,contiguity
30362,30383,shared boundary,contiguity
30362,30384,shared boundary,contiguity
30362,30385,shared boundary,contiguity
30363,30364,shared boundary,contiguity
30364,30365,shared boundary,contiguity
30364,30385,shared boundary,contiguity
30364,30386,shared boundary,contiguity
30365,30386,shared boundary,contiguity
30365,30387,shared boundary,contiguity
30381,30382,shared boundary,contiguity
30382,30383,shared boundary,contiguity
30382,30384,shared boundary,contiguity
30384,30385,shared boundary,contiguity
30384,30390,shared boundary,contiguity
30385,30386,shared boundary,contiguity
30385,30390,shared boundary,contiguity
30386,30387,shared boundary,contiguity
30386,30390,shared boundary,contiguity
30387,30388,shared boundary,contiguity
30387,30390,shared boundary,contiguity
30387,30402,shared boundary,contiguity
30388,30389,shared boundary,contiguity
30388,30390,shared boundary,contiguity
30388,30402,shared boundary,contiguity
30389,30390,shared boundary,contiguity
30401,30404,shared boundary,contiguity
30401,30405,shared boundary,contiguity
30402,30403,shared boundary,contiguity
30402,30404,shared boundary,contiguity
30402,30426,shared boundary,contiguity
30403,30404,shared boundary,contiguity
30403,30405,shared boundary,contiguity
30403,30424,shared boundary,contiguity
30403,30426,shared boundary,contiguity
30404,30405,shared boundary,contiguity
30405,30406,shared boundary,contiguity
30405,30424,shared boundary,contiguity
30406,30407,shared boundary,contiguity
30406,30424,shared boundary,contiguity
30407,30423,shared boundary,contiguity
30407,30424,shared boundary,contiguity
30421,30422,shared boundary,contiguity
30421,30423,shared boundary,contiguity
30421,30424,shared boundary,contiguity
30421,30425,shared boundary,contiguity
30423,30424,shared boundary,contiguity
30424,30425,shared boundary,contiguity
30424,30426,shared boundary,contiguity
30425,30426,shared boundary,contiguity
31201,31301,shared boundary,contiguity
31201,31303,shared boundary,contiguity
31201,31321,shared boundary,contiguity
31201,31323,shared boundary,contiguity
31201,31341,shared boundary,contiguity
31201,31342,shared boundary,contiguity
31202,31204,shared boundary,contiguity
31202,31381,shared boundary,contiguity
31202,31382,shared boundary,contiguity
31202,31383,shared boundary,contiguity
31202,31384,shared boundary,contiguity
31202,31385,shared boundary,contiguity
31202,31386,shared boundary,contiguity
31202,32206,shared boundary,contiguity
31202,32322,shared boundary,contiguity
31203,31361,shared boundary,contiguity
31203,31363,shared boundary,contiguity
31203,31364,shared boundary,contiguity
31203,31365,shared boundary,contiguity
31203,31366,shared boundary,contiguity
31203,31367,shared boundary,contiguity
31203,31368,shared boundary,contiguity
31301,31302,shared boundary,contiguity
31301,31303,shared boundary,contiguity
31301,31321,shared boundary,contiguity
31301,31324,shared boundary,contiguity
31301,31325,shared boundary,contiguity
31302,31303,shared boundary,contiguity
31321,31322,shared boundary,contiguity
31321,31323,shared boundary,contiguity
31321,31324,shared boundary,contiguity
31322,31323,shared boundary,contiguity
31322,31324,shared boundary,contiguity
31322,31326,shared boundary,contiguity
31322,31328,shared boundary,contiguity
31323,31326,shared boundary,contiguity
31323,31327,shared boundary,contiguity
31323,31342,shared boundary,contiguity
31323,31364,shared boundary,contiguity
31324,31325,shared boundary,contiguity
31324,31328,shared boundary,contiguity
31325,31328,shared boundary,contiguity
31325,33643,shared boundary,contiguity
31326,31327,shared boundary,contiguity
31326,31328,shared boundary,contiguity
31326,33605,shared boundary,contiguity
31327,31364,shared boundary,contiguity
31327,33601,shared boundary,contiguity
31327,33604,shared boundary,contiguity
31327,33605,shared boundary,contiguity
31328,33601,shared boundary,contiguity
31328,33605,shared boundary,contiguity
31328,33621,shared boundary,contiguity
31328,33623,shared boundary,contiguity
31328,33624,shared boundary,contiguity
31328,33643,shared boundary,contiguity
31341,31342,shared boundary,contiguity
31341,31343,shared boundary,contiguity
31342,31343,shared boundary,contiguity
31342,31364,shared boundary,contiguity
31343,31362,shared boundary,contiguity
31343,31363,shared boundary,contiguity
31343,31364,shared boundary,contiguity
31361,31362,shared boundary,contiguity
31361,31363,shared boundary,contiguity
31361,31366,shared boundary,contiguity
31362,31363,shared boundary,contiguity
31363,31364,shared boundary,contiguity
31364,31365,shared boundary,contiguity
31364,33589,shared boundary,contiguity
31364,33603,shared boundary,contiguity
31364,33604,shared boundary,contiguity
31365,31368,shared boundary,contiguity
31365,31403,shared boundary,contiguity
31365,33587,shared boundary,contiguity
31365,33588,shared boundary,contiguity
31365,33589,shared boundary,contiguity
31366,31367,shared boundary,contiguity
31367,31368,shared boundary,contiguity
31368,31369,shared boundary,contiguity
31368,31386,shared boundary,contiguity
31368,31388,shared boundary,contiguity
31368,31403,shared boundary,contiguity
31369,31388,shared boundary,contiguity
31381,31382,shared boundary,contiguity
31381,31401,shared boundary,contiguity
31381,31402,shared boundary,contiguity
31381,31404,shared boundary,contiguity
31381,32322,shared boundary,contiguity
31382,31383,shared boundary,contiguity
31382,31404,shared boundary,contiguity
31383,31386,shared boundary,contiguity
31383,31404,shared boundary,contiguity
31384,31385,shared boundary,contiguity
31385,31386,shared boundary,contiguity
31386,31387,shared boundary,contiguity
31386,31388,shared boundary,contiguity
31386,31403,shared boundary,contiguity
31386,31404,shared boundary,contiguity
31387,31388,shared boundary,contiguity
31401,31402,shared boundary,contiguity
31401,32321,shared boundary,contiguity
31401,32322,shared boundary,contiguity
31401,32342,shared boundary,contiguity
31401,33210,shared boundary,contiguity
31401,33562,shared boundary,contiguity
31401,34601,shared boundary,contiguity
31401,34602,shared boundary,contiguity
31402,31403,shared boundary,contiguity
31402,31404,shared boundary,contiguity
31402,33210,shared boundary,contiguity
31402,33561,shared boundary,contiguity
31402,33586,shared boundary,contiguity
31403,31404,shared boundary,contiguity
31403,33586,shared boundary,contiguity
31403,33587,shared boundary,contiguity
32201,32208,shared boundary,contiguity
32201,32301,shared boundary,contiguity
32201,32302,shared boundary,contiguity
32201,32303,shared boundary,contiguity
32201,32304,shared boundary,contiguity
32201,32305,shared boundary,contiguity
32201,32306,shared boundary,contiguity
32201,32361,shared boundary,contiguity
32202,32207,shared boundary,contiguity
32202,32462,shared boundary,contiguity
32202,32464,shared boundary,contiguity
32202,32465,shared boundary,contiguity
32203,32208,shared boundary,contiguity
32203,32362,shared boundary,contiguity
32203,32381,shared boundary,contiguity
32203,32401,shared boundary,contiguity
32203,32402,shared boundary,contiguity
32203,32404,shared boundary,contiguity
32203,32405,shared boundary,contiguity
32204,32465,shared boundary,contiguity
32204,32481,shared boundary,contiguity
32204,32482,shared boundary,contiguity
32204,32501,shared boundary,contiguity
32204,32502,shared boundary,contiguity
32204,35503,shared boundary,contiguity
32205,32384,shared boundary,contiguity
32205,32402,shared boundary,contiguity
32205,32403,shared boundary,contiguity
32205,32421,shared boundary,contiguity
32205,32422,shared boundary,contiguity
32205,32441,shared boundary,contiguity
32205,32442,shared boundary,contiguity
32206,32304,shared boundary,contiguity
32206,32321,shared boundary,contiguity
32206,32322,shared boundary,contiguity
32207,32421,shared boundary,contiguity
32207,32447,shared boundary,contiguity
32207,32462,shared boundary,contiguity
32208,32401,shared boundary,contiguity
32208,32405,shared boundary,contiguity
32301,32302,shared boundary,contiguity
32302,32303,shared boundary,contiguity
32304,32305,shared boundary,contiguity
32304,32321,shared boundary,contiguity
32305,32321,shared boundary,contiguity
32305,32361,shared boundary,contiguity
32306,32307,shared boundary,contiguity
32306,32361,shared boundary,contiguity
32307,32361,shared boundary,contiguity
32307,32362,shared boundary,contiguity
32307,32401,shared boundary,contiguity
32321,32322,shared boundary,contiguity
32321,32341,shared boundary,contiguity
32321,32342,shared boundary,contiguity
32321,32361,shared boundary,contiguity
32341,32342,shared boundary,contiguity
32341,32361,shared boundary,contiguity
32341,32363,shared boundary,contiguity
32341,32382,shared boundary,contiguity
32341,34604,shared boundary,contiguity
32342,34601,shared boundary,contiguity
32342,34604,shared boundary,contiguity
32342,34605,shared boundary,contiguity
32361,32362,shared boundary,contiguity
32361,32363,shared boundary,contiguity
32362,32363,shared boundary,contiguity
32362,32381,shared boundary,contiguity
32362,32401,shared boundary,contiguity
32363,32381,shared boundary,contiguity
32363,32382,shared boundary,contiguity
32381,32382,shared boundary,contiguity
32381,32383,shared boundary,contiguity
32381,32402,shared boundary,contiguity
32382,32383,shared boundary,contiguity
32382,32384,shared boundary,contiguity
32382,34604,shared boundary,contiguity
32383,32384,shared boundary,contiguity
32383,32402,shared boundary,contiguity
32384,32385,shared boundary,contiguity
32384,32402,shared boundary,contiguity
32384,32442,shared boundary,contiguity
32384,34604,shared boundary,contiguity
32385,32442,shared boundary,contiguity
32385,32443,shared boundary,contiguity
32385,34582,shared boundary,contiguity
32385,34583,shared boundary,contiguity
32385,34604,shared boundary,contiguity
32402,32403,shared boundary,contiguity
32402,32404,shared boundary,contiguity
32403,32404,shared boundary,contiguity
32421,32422,shared boundary,contiguity
32421,32441,shared boundary,contiguity
32421,32447,shared boundary,contiguity
32441,32442,shared boundary,contiguity
32441,32443,shared boundary,contiguity
32441,32445,shared boundary,contiguity
32441,32446,shared boundary,contiguity
32441,32447,shared boundary,contiguity
32442,32443,shared boundary,contiguity
32443,32444,shared boundary,contiguity
32443,32445,shared boundary,contiguity
32443,34583,shared boundary,contiguity
32444,32445,shared boundary,contiguity
32444,34383,shared boundary,contiguity
32444,34384,shared boundary,contiguity
32444,34583,shared boundary,contiguity
32445,32446,shared boundary,contiguity
32445,32463,shared boundary,contiguity
32445,34364,shared boundary,contiguity
32445,34365,shared boundary,contiguity
32445,34383,shared boundary,contiguity
32446,32447,shared boundary,contiguity
32446,32463,shared boundary,contiguity
32447,32462,shared boundary,contiguity
32447,32463,shared boundary,contiguity
32462,32463,shared boundary,contiguity
32462,32464,shared boundary,contiguity
32462,32482,shared boundary,contiguity
32462,34364,shared boundary,contiguity
32463,34364,shared boundary,contiguity
32464,32465,shared boundary,contiguity
32464,32481,shared boundary,contiguity
32464,32482,shared boundary,contiguity
32465,32481,shared boundary,contiguity
32481,32482,shared boundary,contiguity
32482,32502,shared boundary,contiguity
32482,32504,shared boundary,contiguity
32482,34326,shared boundary,contiguity
32482,34363,shared boundary,contiguity
32482,34364,shared boundary,contiguity
32482,35326,shared boundary,contiguity
32501,32502,shared boundary,contiguity
32501,32503,shared boundary,contiguity
32501,35503,shared boundary,contiguity
32501,35504,shared boundary,contiguity
32501,35506,shared boundary,contiguity
32502,32503,shared boundary,contiguity
32502,32504,shared boundary,contiguity
32503,32504,shared boundary,contiguity
32503,35361,shared boundary,contiguity
32503,35381,shared boundary,contiguity
32503,35504,shared boundary,contiguity
32504,35326,shared boundary,contiguity
32504,35361,shared boundary,contiguity
32521,32522,shared boundary,contiguity
32521,32523,shared boundary,contiguity
32521,32524,shared boundary,contiguity
32523,32524,shared boundary,contiguity
33201,33202,shared boundary,contiguity
33201,33204,shared boundary,contiguity
33201,33208,shared boundary,contiguity
33201,33301,shared boundary,contiguity
33201,33305,shared boundary,contiguity
33201,33321,shared boundary,contiguity
33201,33322,shared boundary,contiguity
33201,33361,shared boundary,contiguity
33201,33362,shared boundary,contiguity
33201,33363,shared boundary,contiguity
33201,33401,shared boundary,contiguity
33201,33423,shared boundary,contiguity
33201,33427,shared boundary,contiguity
33201,33523,shared boundary,contiguity
33202,33204,shared boundary,contiguity
33202,33401,shared boundary,contiguity
33202,33423,shared boundary,contiguity
33202,33427,shared boundary,contiguity
33202,33428,shared boundary,contiguity
33202,33441,shared boundary,contiguity
33202,33442,shared boundary,contiguity
33202,33443,shared boundary,contiguity
33202,33444,shared boundary,contiguity
33202,33461,shared boundary,contiguity
33202,33503,shared boundary,contiguity
33202,37203,Seto Ohashi,between blocks
33203,33601,shared boundary,contiguity
33203,33606,shared boundary,contiguity
33203,33622,shared boundary,contiguity
33203,33624,shared boundary,contiguity
33203,33661,shared boundary,contiguity
33203,33664,shared boundary,contiguity
33203,33665,shared boundary,contiguity
33204,33401,shared boundary,contiguity
33205,33207,shared boundary,contiguity
33205,33443,shared boundary,contiguity
33205,33444,shared boundary,contiguity
33205,33445,shared boundary,contiguity
33205,33461,shared boundary,contiguity
33205,34207,shared boundary,contiguity
33205,34501,shared boundary,contiguity
33207,33461,shared boundary,contiguity
33207,33462,shared boundary,contiguity
33207,33481,shared boundary,contiguity
33207,34207,shared boundary,contiguity
33207,34501,shared boundary,contiguity
33208,33209,shared boundary,contiguity
33208,33427,shared boundary,contiguity
33208,33428,shared boundary,contiguity
33208,33461,shared boundary,contiguity
33208,33462,shared boundary,contiguity
33208,33503,shared boundary,contiguity
33208,33523,shared boundary,contiguity
33209,33210,shared boundary,contiguity
33209,33462,shared boundary,contiguity
33209,33521,shared boundary,contiguity
33209,33522,shared boundary,contiguity
33209,33523,shared boundary,contiguity
33209,33541,shared boundary,contiguity
33210,33522,shared boundary,contiguity
33210,33561,shared boundary,contiguity
33210,33562,shared boundary,contiguity
33210,33563,shared boundary,contiguity
33211,33321,shared boundary,contiguity
33211,33324,shared boundary,contiguity
33211,33342,shared boundary,contiguity
33211,33344,shared boundary,contiguity
33211,33346,shared boundary,contiguity
33211,33362,shared boundary,contiguity
33211,33363,shared boundary,contiguity
33301,33303,shared boundary,contiguity
33301,33305,shared boundary,contiguity
33301,33322,shared boundary,contiguity
33301,33323,shared boundary,contiguity
33301,33325,shared boundary,contiguity
33303,33305,shared boundary,contiguity
33303,33325,shared boundary,contiguity
33303,33661,shared boundary,contiguity
33303,33662,shared boundary,contiguity
33303,33663,shared boundary,contiguity
33305,33521,shared boundary,contiguity
33305,33523,shared boundary,contiguity
33305,33582,shared boundary,contiguity
33305,33662,shared boundary,contiguity
33321,33322,shared boundary,contiguity
33321,33324,shared boundary,contiguity
33321,33363,shared boundary,contiguity
33322,33323,shared boundary,contiguity
33322,33324,shared boundary,contiguity
33323,33324,shared boundary,contiguity
33323,33325,shared boundary,contiguity
33323,33345,shared boundary,contiguity
33324,33345,shared boundary,contiguity
33324,33346,shared boundary,contiguity
33325,33345,shared boundary,contiguity
33325,33663,shared boundary,contiguity
33325,33665,shared boundary,contiguity
33344,33346,shared boundary,contiguity
33344,33645,shared boundary,contiguity
33344,33646,shared boundary,contiguity
33345,33346,shared boundary,contiguity
33345,33646,shared boundary,contiguity
33345,33665,shared boundary,contiguity
33346,33646,shared boundary,contiguity
33361,33362,shared boundary,contiguity
33362,33363,shared boundary,contiguity
33427,33428,shared boundary,contiguity
33428,33441,shared boundary,contiguity
33428,33503,shared boundary,contiguity
33441,33503,shared boundary,contiguity
33442,33443,shared boundary,contiguity
33442,33461,shared boundary,contiguity
33443,33444,shared boundary,contiguity
33443,33445,shared boundary,contiguity
33443,33461,shared boundary,contiguity
33444,33445,shared boundary,contiguity
33461,33462,shared boundary,contiguity
33461,33503,shared boundary,contiguity
33462,33481,shared boundary,contiguity
33462,33541,shared boundary,contiguity
33462,33542,shared boundary,contiguity
33481,33542,shared boundary,contiguity
33481,34207,shared boundary,contiguity
33481,34541,shared boundary,contiguity
33521,33522,shared boundary,contiguity
33521,33523,shared boundary,contiguity
33521,33582,shared boundary,contiguity
33522,33561,shared boundary,contiguity
33522,33581,shared boundary,contiguity
33522,33582,shared boundary,contiguity
33541,33542,shared boundary,contiguity
33541,33543,shared boundary,contiguity
33541,33563,shared boundary,contiguity
33542,33543,shared boundary,contiguity
33542,34541,shared boundary,contiguity
33543,33563,shared boundary,contiguity
33543,33564,shared boundary,contiguity
33543,34541,shared boundary,contiguity
33543,34543,shared boundary,contiguity
33543,34602,shared boundary,contiguity
33561,33581,shared boundary,contiguity
33561,33585,shared boundary,contiguity
33561,33586,shared boundary,contiguity
33562,33563,shared boundary,contiguity
33562,33564,shared boundary,contiguity
33562,34602,shared boundary,contiguity
33563,33564,shared boundary,contiguity
33564,34602,shared boundary,contiguity
33581,33582,shared boundary,contiguity
33581,33583,shared boundary,contiguity
33581,33584,shared boundary,contiguity
33581,33585,shared boundary,contiguity
33582,33584,shared boundary,contiguity
33582,33662,shared boundary,contiguity
33582,33664,shared boundary,contiguity
33583,33584,shared boundary,contiguity
33583,33585,shared boundary,contiguity
33583,33586,shared boundary,contiguity
33583,33587,shared boundary,contiguity
33583,33588,shared boundary,contiguity
33583,33589,shared boundary,contiguity
33583,33602,shared boundary,contiguity
33584,33602,shared boundary,contiguity
33584,33606,shared boundary,contiguity
33584,33664,shared boundary,contiguity
33585,33586,shared boundary,contiguity
33586,33587,shared boundary,contiguity
33587,33588,shared boundary,contiguity
33588,33589,shared boundary,contiguity
33589,33602,shared boundary,contiguity
33589,33603,shared boundary,contiguity
33601,33604,shared boundary,contiguity
33601,33605,shared boundary,contiguity
33601,33606,shared boundary,contiguity
33601,33624,shared boundary,contiguity
33602,33603,shared boundary,contiguity
33602,33606,shared boundary,contiguity
33603,33604,shared boundary,contiguity
33603,33606,shared boundary,contiguity
33604,33606,shared boundary,contiguity
33606,33664,shared boundary,contiguity
33621,33622,shared boundary,contiguity
33621,33623,shared boundary,contiguity
33621,33641,shared boundary,contiguity
33621,33643,shared boundary,contiguity
33621,33644,shared boundary,contiguity
33621,33645,shared boundary,contiguity
33622,33623,shared boundary,contiguity
33622,33624,shared boundary,contiguity
33622,33644,shared boundary,contiguity
33622,33665,shared boundary,contiguity
33623,33624,shared boundary,contiguity
33641,33642,shared boundary,contiguity
33641,33643,shared boundary,contiguity
33641,33645,shared boundary,contiguity
33642,33643,shared boundary,contiguity
33644,33645,shared boundary,contiguity
33644,33646,shared boundary,contiguity
33644,33665,shared boundary,contiguity
33645,33646,shared boundary,contiguity
33646,33665,shared boundary,contiguity
33661,33662,shared boundary,contiguity
33661,33663,shared boundary,contiguity
33661,33664,shared boundary,contiguity
33661,33665,shared boundary,contiguity
33662,33664,shared boundary,contiguity
33663,33665,shared boundary,contiguity
34100,34202,shared boundary,contiguity
34100,34212,shared boundary,contiguity
34100,34302,shared boundary,contiguity
34100,34304,shared boundary,contiguity
34100,34307,shared boundary,contiguity
34100,34309,shared boundary,contiguity
34100,34322,shared boundary,contiguity
34100,34324,shared boundary,contiguity
34100,34361,shared boundary,contiguity
34100,34366,shared boundary,contiguity
34100,34367,shared boundary,contiguity
34100,34381,shared boundary,contiguity
34100,34382,shared boundary,contiguity
34100,34386,shared boundary,contiguity
34100,34402,shared boundary,contiguity
34100,34405,shared boundary,contiguity
34202,34307,shared boundary,contiguity
34202,34309,shared boundary,contiguity
34202,34311,shared boundary,contiguity
34202,34402,shared boundary,contiguity
34202,34423,shared boundary,contiguity
34202,34424,shared boundary,contiguity
34203,34204,shared boundary,contiguity
34203,34212,shared boundary,contiguity
34203,34408,shared boundary,contiguity
34203,34421,shared boundary,contiguity
34203,34422,shared boundary,contiguity
34204,34205,shared boundary,contiguity
34204,34421,shared boundary,contiguity
34204,34441,shared boundary,contiguity
34204,34442,shared boundary,contiguity
34205,34207,shared boundary,contiguity
34205,34441,shared boundary,contiguity
34205,34444,shared boundary,contiguity
34205,34482,shared boundary,contiguity
34206,34430,shared boundary,contiguity
34207,34208,shared boundary,contiguity
34207,34441,shared boundary,contiguity
34207,34482,shared boundary,contiguity
34207,34501,shared boundary,contiguity
34207,34524,shared boundary,contiguity
34207,34541,shared boundary,contiguity
34207,34544,shared boundary,contiguity
34208,34441,shared boundary,contiguity
34208,34461,shared boundary,contiguity
34208,34524,shared boundary,contiguity
34208,34544,shared boundary,contiguity
34208,34561,shared boundary,contiguity
34209,34210,shared boundary,contiguity
34209,34384,shared boundary,contiguity
34209,34385,shared boundary,contiguity
34209,34463,shared boundary,contiguity
34209,34581,shared boundary,contiguity
34209,34582,shared boundary,contiguity
34209,34583,shared boundary,contiguity
34209,34584,shared boundary,contiguity
34209,34585,shared boundary,contiguity
34209,34586,shared boundary,contiguity
34209,34603,shared boundary,contiguity
34210,34562,shared boundary,contiguity
34210,34581,shared boundary,contiguity
34210,34585,shared boundary,contiguity
34210,34601,shared boundary,contiguity
34210,34602,shared boundary,contiguity
34210,34603,shared boundary,contiguity
34210,34605,shared boundary,contiguity
34211,34323,shared boundary,contiguity
34211,34325,shared boundary,contiguity
34211,35208,shared boundary,contiguity
34211,35321,shared boundary,contiguity
34211,35329,shared boundary,contiguity
34212,34402,shared boundary,contiguity
34212,34405,shared boundary,contiguity
34212,34408,shared boundary,contiguity
34212,34422,shared boundary,contiguity
34212,34423,shared boundary,contiguity
34304,34307,shared boundary,contiguity
34304,34309,shared boundary,contiguity
34307,34402,shared boundary,contiguity
34310,34330,shared boundary,contiguity
34311,34312,shared boundary,contiguity
34311,34330,Kurahashi bridges,within block
34322,34323,shared boundary,contiguity
34322,34324,shared boundary,contiguity
34322,34325,shared boundary,contiguity
34323,34325,shared boundary,contiguity
34324,34325,shared boundary,contiguity
34324,34326,shared boundary,contiguity
34324,34361,shared boundary,contiguity
34324,34362,shared boundary,contiguity
34325,34326,shared boundary,contiguity
34325,35326,shared boundary,contiguity
34325,35329,shared boundary,contiguity
34326,34362,shared boundary,contiguity
34326,34363,shared boundary,contiguity
34326,35326,shared boundary,contiguity
34328,34329,shared boundary,contiguity
34328,34330,shared boundary,contiguity
34361,34362,shared boundary,contiguity
34361,34363,shared boundary,contiguity
34361,34367,shared boundary,contiguity
34362,34363,shared boundary,contiguity
34363,34364,shared boundary,contiguity
34363,34367,shared boundary,contiguity
34364,34365,shared boundary,contiguity
34364,34367,shared boundary,contiguity
34365,34366,shared boundary,contiguity
34365,34367,shared boundary,contiguity
34365,34383,shared boundary,contiguity
34366,34367,shared boundary,contiguity
34366,34381,shared boundary,contiguity
34366,34382,shared boundary,contiguity
34366,34383,shared boundary,contiguity
34381,34382,shared boundary,contiguity
34381,34383,shared boundary,contiguity
34381,34384,shared boundary,contiguity
34381,34385,shared boundary,contiguity
34381,34386,shared boundary,contiguity
34383,34384,shared boundary,contiguity
34384,34385,shared boundary,contiguity
34384,34583,shared boundary,contiguity
34385,34386,shared boundary,contiguity
34385,34586,shared boundary,contiguity
34386,34405,shared boundary,contiguity
34386,34406,shared boundary,contiguity
34386,34586,shared boundary,contiguity
34402,34423,shared boundary,contiguity
34405,34406,shared boundary,contiguity
34405,34408,shared boundary,contiguity
34406,34407,shared boundary,contiguity
34406,34408,shared boundary,contiguity
34406,34463,shared boundary,contiguity
34406,34586,shared boundary,contiguity
34407,34408,shared boundary,contiguity
34407,34421,shared boundary,contiguity
34407,34442,shared boundary,contiguity
34407,34462,shared boundary,contiguity
34407,34463,shared boundary,contiguity
34408,34421,shared boundary,contiguity
34421,34442,shared boundary,contiguity
34422,34423,shared boundary,contiguity
34423,34424,shared boundary,contiguity
34425,34426,shared boundary,contiguity
34427,34428,shared boundary,contiguity
34427,34429,shared boundary,contiguity
34428,34429,shared boundary,contiguity
34430,38353,Shimanami Kaido,between blocks
34441,34442,shared boundary,contiguity
34441,34461,shared boundary,contiguity
34442,34461,shared boundary,contiguity
34442,34462,shared boundary,contiguity
34461,34462,shared boundary,contiguity
34461,34561,shared boundary,contiguity
34461,34563,shared boundary,contiguity
34462,34463,shared boundary,contiguity
34462,34563,shared boundary,contiguity
34462,34584,shared boundary,contiguity
34463,34584,shared boundary,contiguity
34463,34586,shared boundary,contiguity
34524,34544,shared boundary,contiguity
34541,34542,shared boundary,contiguity
34541,34543,shared boundary,contiguity
34541,34544,shared boundary,contiguity
34541,34602,shared boundary,contiguity
34542,34544,shared boundary,contiguity
34542,34561,shared boundary,contiguity
34542,34562,shared boundary,contiguity
34542,34602,shared boundary,contiguity
34544,34561,shared boundary,contiguity
34561,34562,shared boundary,contiguity
34561,34563,shared boundary,contiguity
34562,34563,shared boundary,contiguity
34562,34584,shared boundary,contiguity
34562,34585,shared boundary,contiguity
34562,34602,shared boundary,contiguity
34563,34584,shared boundary,contiguity
34581,34582,shared boundary,contiguity
34581,34603,shared boundary,contiguity
34581,34604,shared boundary,contiguity
34582,34583,shared boundary,contiguity
34582,34604,shared boundary,contiguity
34584,34585,shared boundary,contiguity
34601,34602,shared boundary,contiguity
34601,34605,shared boundary,contiguity
34603,34604,shared boundary,contiguity
34603,34605,shared boundary,contiguity
34604,34605,shared boundary,contiguity
35201,35213,shared boundary,contiguity
35201,35422,shared boundary,contiguity
35201,35441,shared boundary,contiguity
35201,35443,shared boundary,contiguity
35201,40100,Kanmon crossing,between blocks
35202,35203,shared boundary,contiguity
35202,35209,shared boundary,contiguity
35202,35402,shared boundary,contiguity
35202,35403,shared boundary,contiguity
35202,35421,shared boundary,contiguity
35202,35461,shared boundary,contiguity
35202,35462,shared boundary,contiguity
35203,35206,shared boundary,contiguity
35203,35381,shared boundary,contiguity
35203,35401,shared boundary,contiguity
35203,35402,shared boundary,contiguity
35203,35403,shared boundary,contiguity
35203,35461,shared boundary,contiguity
35203,35504,shared boundary,contiguity
35203,35507,shared boundary,contiguity
35204,35461,shared boundary,contiguity
35204,35481,shared boundary,contiguity
35204,35501,shared boundary,contiguity
35204,35502,shared boundary,contiguity
35204,35507,shared boundary,contiguity
35204,35508,shared boundary,contiguity
35205,35206,shared boundary,contiguity
35205,35207,shared boundary,contiguity
35205,35214,shared boundary,contiguity
35205,35325,shared boundary,contiguity
35205,35326,shared boundary,contiguity
35205,35328,shared boundary,contiguity
35205,35345,shared boundary,contiguity
35205,35361,shared boundary,contiguity
35205,35381,shared boundary,contiguity
35206,35381,shared boundary,contiguity
35206,35401,shared boundary,contiguity
35207,35210,shared boundary,contiguity
35207,35345,shared boundary,contiguity
35208,35321,shared boundary,contiguity
35208,35322,shared boundary,contiguity
35208,35323,shared boundary,contiguity
35208,35325,shared boundary,contiguity
35208,35328,shared boundary,contiguity
35208,35329,shared boundary,contiguity
35209,35421,shared boundary,contiguity
35209,35422,shared boundary,contiguity
35210,35342,shared boundary,contiguity
35210,35343,shared boundary,contiguity
35210,35345,shared boundary,contiguity
35211,35213,shared boundary,contiguity
35211,35442,shared boundary,contiguity
35211,35462,shared boundary,contiguity
35211,35481,shared boundary,contiguity
35211,35482,shared boundary,contiguity
35211,35483,shared boundary,contiguity
35212,35322,shared boundary,contiguity
35212,35325,shared boundary,contiguity
35212,35327,shared boundary,contiguity
35212,35341,shared boundary,contiguity
35212,35342,shared boundary,contiguity
35212,35343,shared boundary,contiguity
35212,35344,shared boundary,contiguity
35213,35421,shared boundary,contiguity
35213,35422,shared boundary,contiguity
35213,35441,shared boundary,contiguity
35213,35442,shared boundary,contiguity
35213,35462,shared boundary,contiguity
35214,35361,shared boundary,contiguity
35214,35381,shared boundary,contiguity
35301,35302,shared boundary,contiguity
35301,35304,shared boundary,contiguity
35302,35304,shared boundary,contiguity
35302,35327,Oshima Bridge,within block
35303,35304,shared boundary,contiguity
35322,35325,shared boundary,contiguity
35322,35327,shared boundary,contiguity
35323,35325,shared boundary,contiguity
35324,35326,shared boundary,contiguity
35324,35328,shared boundary,contiguity
35324,35329,shared boundary,contiguity
35325,35328,shared boundary,contiguity
35325,35342,shared boundary,contiguity
35325,35343,shared boundary,contiguity
35325,35345,shared boundary,contiguity
35326,35328,shared boundary,contiguity
35326,35329,shared boundary,contiguity
35326,35361,shared boundary,contiguity
35328,35329,shared boundary,contiguity
35341,35344,shared boundary,contiguity
35342,35343,shared boundary,contiguity
35342,35345,shared boundary,contiguity
35343,35344,shared boundary,contiguity
35361,35381,shared boundary,contiguity
35381,35504,shared boundary,contiguity
35402,35461,shared boundary,contiguity
35421,35422,shared boundary,contiguity
35421,35462,shared boundary,contiguity
35441,35442,shared boundary,contiguity
35441,35443,shared boundary,contiguity
35442,35443,shared boundary,contiguity
35442,35444,shared boundary,contiguity
35442,35483,shared boundary,contiguity
35443,35444,shared boundary,contiguity
35444,35483,shared boundary,contiguity
35461,35462,shared boundary,contiguity
35461,35481,shared boundary,contiguity
35461,35507,shared boundary,contiguity
35462,35481,shared boundary,contiguity
35482,35483,shared boundary,contiguity
35501,35504,shared boundary,contiguity
35501,35507,shared boundary,contiguity
35501,35508,shared boundary,contiguity
35502,35505,shared boundary,contiguity
35502,35506,shared boundary,contiguity
35502,35508,shared boundary,contiguity
35503,35506,shared boundary,contiguity
35504,35505,shared boundary,contiguity
35504,35506,shared boundary,contiguity
35504,35507,shared boundary,contiguity
35504,35508,shared boundary,contiguity
35505,35506,shared boundary,contiguity
35505,35508,shared boundary,contiguity
36201,36203,shared boundary,contiguity
36201,36301,shared boundary,contiguity
36201,36321,shared boundary,contiguity
36201,36341,shared boundary,contiguity
36201,36342,shared boundary,contiguity
36201,36401,shared boundary,contiguity
36201,36402,shared boundary,contiguity
36201,36403,shared boundary,contiguity
36201,36405,shared boundary,contiguity
36202,36401,shared boundary,contiguity
36202,36402,shared boundary,contiguity
36202,36403,shared boundary,contiguity
36202,36404,shared boundary,contiguity
36202,37301,shared boundary,contiguity
36203,36204,shared boundary,contiguity
36203,36301,shared boundary,contiguity
36203,36361,shared boundary,contiguity
36203,36362,shared boundary,contiguity
36204,36301,shared boundary,contiguity
36204,36361,shared boundary,contiguity
36204,36362,shared boundary,contiguity
36204,36363,shared boundary,contiguity
36204,36364,shared boundary,contiguity
36204,36381,shared boundary,contiguity
36204,36382,shared boundary,contiguity
36301,36302,shared boundary,contiguity
36301,36321,shared boundary,contiguity
36301,36363,shared boundary,contiguity
36301,36364,shared boundary,contiguity
36302,36321,shared boundary,contiguity
36302,36342,shared boundary,contiguity
36302,36364,shared boundary,contiguity
36302,36365,shared boundary,contiguity
36302,36366,shared boundary,contiguity
36321,36342,shared boundary,contiguity
36341,36342,shared boundary,contiguity
36341,36403,shared boundary,contiguity
36341,36405,shared boundary,contiguity
36341,36441,shared boundary,contiguity
36342,36366,shared boundary,contiguity
36342,36441,shared boundary,contiguity
36342,36444,shared boundary,contiguity
36342,36467,shared boundary,contiguity
36361,36362,shared boundary,contiguity
36363,36364,shared boundary,contiguity
36364,36365,shared boundary,contiguity
36364,36382,shared boundary,contiguity
36365,36366,shared boundary,contiguity
36365,36367,shared boundary,contiguity
36365,36382,shared boundary,contiguity
36365,36384,shared boundary,contiguity
36366,36367,shared boundary,contiguity
36366,36467,shared boundary,contiguity
36366,36487,shared boundary,contiguity
36367,36384,shared boundary,contiguity
36367,36487,shared boundary,contiguity
36367,39203,shared boundary,contiguity
36367,39306,shared boundary,contiguity
36367,39328,shared boundary,contiguity
36381,36382,shared boundary,contiguity
36382,36383,shared boundary,contiguity
36382,36384,shared boundary,contiguity
36383,36384,shared boundary,contiguity
36384,36385,shared boundary,contiguity
36384,36386,shared boundary,contiguity
36384,39306,shared boundary,contiguity
36385,36386,shared boundary,contiguity
36386,39301,shared boundary,contiguity
36386,39305,shared boundary,contiguity
36386,39306,shared boundary,contiguity
36401,36402,shared boundary,contiguity
36402,36403,shared boundary,contiguity
36403,36404,shared boundary,contiguity
36403,36405,shared boundary,contiguity
36404,36405,shared boundary,contiguity
36404,37301,shared boundary,contiguity
36405,36406,shared boundary,contiguity
36405,36407,shared boundary,contiguity
36405,36441,shared boundary,contiguity
36405,37301,shared boundary,contiguity
36406,36407,shared boundary,contiguity
36406,36441,shared boundary,contiguity
36407,36421,shared boundary,contiguity
36407,36441,shared boundary,contiguity
36407,37301,shared boundary,contiguity
36407,37302,shared boundary,contiguity
36421,36422,shared boundary,contiguity
36421,36441,shared boundary,contiguity
36421,36442,shared boundary,contiguity
36421,36461,shared boundary,contiguity
36421,37302,shared boundary,contiguity
36421,37308,shared boundary,contiguity
36422,36442,shared boundary,contiguity
36422,36443,shared boundary,contiguity
36422,36461,shared boundary,contiguity
36422,36466,shared boundary,contiguity
36441,36442,shared boundary,contiguity
36441,36444,shared boundary,contiguity
36442,36443,shared boundary,contiguity
36442,36444,shared boundary,contiguity
36443,36444,shared boundary,contiguity
36443,36461,shared boundary,contiguity
36443,36466,shared boundary,contiguity
36444,36466,shared boundary,contiguity
36444,36467,shared boundary,contiguity
36461,36462,shared boundary,contiguity
36461,36464,shared boundary,contiguity
36461,36466,shared boundary,contiguity
36461,37308,shared boundary,contiguity
36461,37341,shared boundary,contiguity
36461,37361,shared boundary,contiguity
36462,36463,shared boundary,contiguity
36462,36464,shared boundary,contiguity
36462,36481,shared boundary,contiguity
36462,36486,shared boundary,contiguity
36462,37361,shared boundary,contiguity
36462,37401,shared boundary,contiguity
36463,36464,shared boundary,contiguity
36463,36465,shared boundary,contiguity
36463,36481,shared boundary,contiguity
36463,36486,shared boundary,contiguity
36463,36487,shared boundary,contiguity
36464,36465,shared boundary,contiguity
36464,36466,shared boundary,contiguity
36465,36466,shared boundary,contiguity
36465,36467,shared boundary,contiguity
36465,36487,shared boundary,contiguity
36466,36467,shared boundary,contiguity
36467,36487,shared boundary,contiguity
36481,36482,shared boundary,contiguity
36481,36486,shared boundary,contiguity
36481,37401,shared boundary,contiguity
36481,37405,shared boundary,contiguity
36482,36483,shared boundary,contiguity
36482,36485,shared boundary,contiguity
36482,36486,shared boundary,contiguity
36482,37405,shared boundary,contiguity
36482,37429,shared boundary,contiguity
36483,36484,shared boundary,contiguity
36483,36485,shared boundary,contiguity
36483,36488,shared boundary,contiguity
36483,37205,shared boundary,contiguity
36483,37422,shared boundary,contiguity
36483,37424,shared boundary,contiguity
36483,37429,shared boundary,contiguity
36483,38208,shared boundary,contiguity
36483,38301,shared boundary,contiguity
36484,36488,shared boundary,contiguity
36484,38301,shared boundary,contiguity
36484,39344,shared boundary,contiguity
36485,36486,shared boundary,contiguity
36485,36488,shared boundary,contiguity
36486,36487,shared boundary,contiguity
36486,36488,shared boundary,contiguity
36487,36488,shared boundary,contiguity
36487,39328,shared boundary,contiguity
36487,39344,shared boundary,contiguity
36488,39344,shared boundary,contiguity
37201,37203,shared boundary,contiguity
37201,37341,shared boundary,contiguity
37201,37342,shared boundary,contiguity
37201,37343,shared boundary,contiguity
37201,37361,shared boundary,contiguity
37201,37362,shared boundary,contiguity
37201,37363,shared boundary,contiguity
37201,37382,shared boundary,contiguity
37201,37383,shared boundary,contiguity
37202,37203,shared boundary,contiguity
37202,37204,shared boundary,contiguity
37202,37384,shared boundary,contiguity
37202,37385,shared boundary,contiguity
37202,37386,shared boundary,contiguity
37202,37402,shared boundary,contiguity
37202,37404,shared boundary,contiguity
37203,37382,shared boundary,contiguity
37203,37383,shared boundary,contiguity
37203,37384,shared boundary,contiguity
37203,37385,shared boundary,contiguity
37203,37386,shared boundary,contiguity
37204,37402,shared boundary,contiguity
37204,37403,shared boundary,contiguity
37204,37404,shared boundary,contiguity
37204,37421,shared boundary,contiguity
37204,37423,shared boundary,contiguity
37205,37422,shared boundary,contiguity
37205,37424,shared boundary,contiguity
37205,37425,shared boundary,contiguity
37205,37427,shared boundary,contiguity
37301,37302,shared boundary,contiguity
37302,37303,shared boundary,contiguity
37302,37305,shared boundary,contiguity
37302,37307,shared boundary,contiguity
37302,37308,shared boundary,contiguity
37303,37304,shared boundary,contiguity
37303,37305,shared boundary,contiguity
37304,37305,shared boundary,contiguity
37304,37306,shared boundary,contiguity
37304,37307,shared boundary,contiguity
37305,37307,shared boundary,contiguity
37306,37307,shared boundary,contiguity
37306,37308,shared boundary,contiguity
37306,37341,shared boundary,contiguity
37306,37342,shared boundary,contiguity
37307,37308,shared boundary,contiguity
37308,37341,shared boundary,contiguity
37321,37322,shared boundary,contiguity
37321,37323,shared boundary,contiguity
37322,37323,shared boundary,contiguity
37341,37342,shared boundary,contiguity
37341,37361,shared boundary,contiguity
37342,37343,shared boundary,contiguity
37361,37362,shared boundary,contiguity
37361,37381,shared boundary,contiguity
37361,37401,shared boundary,contiguity
37362,37363,shared boundary,contiguity
37362,37381,shared boundary,contiguity
37362,37382,shared boundary,contiguity
37363,37381,shared boundary,contiguity
37363,37382,shared boundary,contiguity
37381,37382,shared boundary,contiguity
37381,37384,shared boundary,contiguity
37381,37401,shared boundary,contiguity
37381,37402,shared boundary,contiguity
37382,37383,shared boundary,contiguity
37382,37384,shared boundary,contiguity
37382,37402,shared boundary,contiguity
37384,37385,shared boundary,contiguity
37384,37402,shared boundary,contiguity
37401,37402,shared boundary,contiguity
37401,37405,shared boundary,contiguity
37402,37403,shared boundary,contiguity
37402,37405,shared boundary,contiguity
37403,37405,shared boundary,contiguity
37403,37421,shared boundary,contiguity
37404,37423,shared boundary,contiguity
37405,37421,shared boundary,contiguity
37405,37422,shared boundary,contiguity
37405,37429,shared boundary,contiguity
37421,37422,shared boundary,contiguity
37421,37423,shared boundary,contiguity
37421,37425,shared boundary,contiguity
37421,37427,shared boundary,contiguity
37422,37425,shared boundary,contiguity
37422,37429,shared boundary,contiguity
37423,37426,shared boundary,contiguity
37423,37427,shared boundary,contiguity
37424,37428,shared boundary,contiguity
37424,38208,shared boundary,contiguity
37425,37427,shared boundary,contiguity
37426,37427,shared boundary,contiguity
37428,38208,shared boundary,contiguity
38201,38211,shared boundary,contiguity
38201,38342,shared boundary,contiguity
38201,38361,shared boundary,contiguity
38201,38381,shared boundary,contiguity
38201,38401,shared boundary,contiguity
38201,38402,shared boundary,contiguity
38202,38212,shared boundary,contiguity
38202,38341,shared boundary,contiguity
38202,38342,shared boundary,contiguity
38202,38343,shared boundary,contiguity
38202,38344,shared boundary,contiguity
38203,38481,shared boundary,contiguity
38203,38482,shared boundary,contiguity
38203,38483,shared boundary,contiguity
38203,38484,shared boundary,contiguity
38203,38486,shared boundary,contiguity
38203,39426,shared boundary,contiguity
38204,38207,shared boundary,contiguity
38204,38421,shared boundary,contiguity
38204,38441,shared boundary,contiguity
38204,38445,shared boundary,contiguity
38204,38462,shared boundary,contiguity
38205,38206,shared boundary,contiguity
38205,38302,shared boundary,contiguity
38205,38303,shared boundary,contiguity
38205,39365,shared boundary,contiguity
38206,38212,shared boundary,contiguity
38206,38321,shared boundary,contiguity
38206,38382,shared boundary,contiguity
38206,39365,shared boundary,contiguity
38207,38405,shared boundary,contiguity
38207,38421,shared boundary,contiguity
38207,38422,shared boundary,contiguity
38207,38423,shared boundary,contiguity
38207,38424,shared boundary,contiguity
38207,38462,shared boundary,contiguity
38207,38463,shared boundary,contiguity
38208,38209,shared boundary,contiguity
38208,38301,shared boundary,contiguity
38209,38301,shared boundary,contiguity
38209,38302,shared boundary,contiguity
38209,38303,shared boundary,contiguity
38209,39341,shared boundary,contiguity
38209,39344,shared boundary,contiguity
38209,39363,shared boundary,contiguity
38209,39364,shared boundary,contiguity
38210,38401,shared boundary,contiguity
38210,38402,shared boundary,contiguity
38210,38404,shared boundary,contiguity
38210,38405,shared boundary,contiguity
38211,38342,shared boundary,contiguity
38211,38345,shared boundary,contiguity
38212,38321,shared boundary,contiguity
38212,38323,shared boundary,contiguity
38212,38341,shared boundary,contiguity
38212,38342,shared boundary,contiguity
38301,39344,shared boundary,contiguity
38302,38303,shared boundary,contiguity
38303,39364,shared boundary,contiguity
38303,39365,shared boundary,contiguity
38321,38323,shared boundary,contiguity
38321,38382,shared boundary,contiguity
38323,38342,shared boundary,contiguity
38323,38361,shared boundary,contiguity
38323,38362,shared boundary,contiguity
38323,38382,shared boundary,contiguity
38341,38342,shared boundary,contiguity
38342,38344,shared boundary,contiguity
38342,38345,shared boundary,contiguity
38342,38361,shared boundary,contiguity
38343,38344,shared boundary,contiguity
38344,38345,shared boundary,contiguity
38346,38347,shared boundary,contiguity
38353,38354,shared boundary,contiguity
38361,38362,shared boundary,contiguity
38361,38381,shared boundary,contiguity
38362,38381,shared boundary,contiguity
38362,38382,shared boundary,contiguity
38381,38382,shared boundary,contiguity
38381,38383,shared boundary,contiguity
38381,38385,shared boundary,contiguity
38381,38402,shared boundary,contiguity
38381,38403,shared boundary,contiguity
38382,38383,shared boundary,contiguity
38382,39365,shared boundary,contiguity
38382,39382,shared boundary,contiguity
38383,38384,shared boundary,contiguity
38383,38385,shared boundary,contiguity
38383,39382,shared boundary,contiguity
38383,39384,shared boundary,contiguity
38384,38385,shared boundary,contiguity
38384,38463,shared boundary,contiguity
38384,39384,shared boundary,contiguity
38384,39405,shared boundary,contiguity
38384,39407,shared boundary,contiguity
38384,39409,shared boundary,contiguity
38385,38403,shared boundary,contiguity
38385,38422,shared boundary,contiguity
38385,38425,shared boundary,contiguity
38385,38463,shared boundary,contiguity
38401,38402,shared boundary,contiguity
38402,38403,shared boundary,contiguity
38402,38404,shared boundary,contiguity
38403,38404,shared boundary,contiguity
38403,38422,shared boundary,contiguity
38404,38405,shared boundary,contiguity
38404,38422,shared boundary,contiguity
38405,38421,shared boundary,contiguity
38405,38422,shared boundary,contiguity
38421,38441,shared boundary,contiguity
38422,38423,shared boundary,contiguity
38422,38425,shared boundary,contiguity
38423,38424,shared boundary,contiguity
38423,38425,shared boundary,contiguity
38424,38425,shared boundary,contiguity
38424,38463,shared boundary,contiguity
38425,38463,shared boundary,contiguity
38441,38442,shared boundary,contiguity
38442,38443,shared boundary,contiguity
38443,38444,shared boundary,contiguity
38445,38461,shared boundary,contiguity
38445,38462,shared boundary,contiguity
38461,38462,shared boundary,contiguity
38461,38481,shared boundary,contiguity
38462,38463,shared boundary,contiguity
38462,38481,shared boundary,contiguity
38462,38482,shared boundary,contiguity
38463,38464,shared boundary,contiguity
38463,38482,shared boundary,contiguity
38463,38483,shared boundary,contiguity
38463,39405,shared boundary,contiguity
38464,38483,shared boundary,contiguity
38464,38485,shared boundary,contiguity
38464,39405,shared boundary,contiguity
38481,38482,shared boundary,contiguity
38482,38483,shared boundary,contiguity
38483,38484,shared boundary,contiguity
38483,38485,shared boundary,contiguity
38484,38485,shared boundary,contiguity
38484,39425,shared boundary,contiguity
38484,39426,shared boundary,contiguity
38485,39405,shared boundary,contiguity
38485,39422,shared boundary,contiguity
38485,39425,shared boundary,contiguity
38486,38501,shared boundary,contiguity
38486,38503,shared boundary,contiguity
38486,38504,shared boundary,contiguity
38486,39208,shared boundary,contiguity
38486,39426,shared boundary,contiguity
38501,38502,shared boundary,contiguity
38501,38503,shared boundary,contiguity
38502,38503,shared boundary,contiguity
38502,38505,shared boundary,contiguity
38503,38504,shared boundary,contiguity
38503,38505,shared boundary,contiguity
38503,39208,shared boundary,contiguity
38504,39208,shared boundary,contiguity
39201,39204,shared boundary,contiguity
39201,39361,shared boundary,contiguity
39201,39362,shared boundary,contiguity
39201,39381,shared boundary,contiguity
39201,39383,shared boundary,contiguity
39202,39301,shared boundary,contiguity
39202,39302,shared boundary,contiguity
39202,39305,shared boundary,contiguity
39203,39304,shared boundary,contiguity
39203,39306,shared boundary,contiguity
39203,39307,shared boundary,contiguity
39203,39322,shared boundary,contiguity
39203,39325,shared boundary,contiguity
39203,39328,shared boundary,contiguity
39204,39323,shared boundary,contiguity
39204,39324,shared boundary,contiguity
39204,39327,shared boundary,contiguity
39204,39341,shared boundary,contiguity
39204,39362,shared boundary,contiguity
39204,39363,shared boundary,contiguity
39205,39206,shared boundary,contiguity
39205,39381,shared boundary,contiguity
39205,39383,shared boundary,contiguity
39205,39402,shared boundary,contiguity
39205,39410,shared boundary,contiguity
39206,39401,shared boundary,contiguity
39206,39402,shared boundary,contiguity
39206,39406,shared boundary,contiguity
39206,39408,shared boundary,contiguity
39207,39208,shared boundary,contiguity
39207,39209,shared boundary,contiguity
39207,39422,shared boundary,contiguity
39207,39423,shared boundary,contiguity
39207,39425,shared boundary,contiguity
39207,39426,shared boundary,contiguity
39207,39427,shared boundary,contiguity
39208,39209,shared boundary,contiguity
39208,39424,shared boundary,contiguity
39208,39426,shared boundary,contiguity
39208,39427,shared boundary,contiguity
39209,39424,shared boundary,contiguity
39209,39427,shared boundary,contiguity
39301,39305,shared boundary,contiguity
39302,39303,shared boundary,contiguity
39302,39305,shared boundary,contiguity
39303,39304,shared boundary,contiguity
39303,39305,shared boundary,contiguity
39304,39305,shared boundary,contiguity
39304,39306,shared boundary,contiguity
39305,39306,shared boundary,contiguity
39307,39325,shared boundary,contiguity
39321,39322,shared boundary,contiguity
39321,39324,shared boundary,contiguity
39321,39327,shared boundary,contiguity
39322,39323,shared boundary,contiguity
39322,39324,shared boundary,contiguity
39322,39325,shared boundary,contiguity
39322,39326,shared boundary,contiguity
39322,39328,shared boundary,contiguity
39323,39324,shared boundary,contiguity
39323,39326,shared boundary,contiguity
39323,39341,shared boundary,contiguity
39323,39344,shared boundary,contiguity
39324,39327,shared boundary,contiguity
39326,39328,shared boundary,contiguity
39326,39344,shared boundary,contiguity
39328,39344,shared boundary,contiguity
39341,39344,shared boundary,contiguity
39341,39363,shared boundary,contiguity
39361,39362,shared boundary,contiguity
39361,39363,shared boundary,contiguity
39361,39381,shared boundary,contiguity
39361,39385,shared boundary,contiguity
39362,39363,shared boundary,contiguity
39363,39364,shared boundary,contiguity
39363,39365,shared boundary,contiguity
39363,39385,shared boundary,contiguity
39364,39365,shared boundary,contiguity
39365,39382,shared boundary,contiguity
39365,39385,shared boundary,contiguity
39381,39383,shared boundary,contiguity
39381,39385,shared boundary,contiguity
39381,39403,shared boundary,contiguity
39381,39410,shared boundary,contiguity
39382,39384,shared boundary,contiguity
39382,39385,shared boundary,contiguity
39382,39403,shared boundary,contiguity
39384,39403,shared boundary,contiguity
39384,39409,shared boundary,contiguity
39385,39403,shared boundary,contiguity
39401,39404,shared boundary,contiguity
39401,39406,shared boundary,contiguity
39402,39403,shared boundary,contiguity
39402,39408,shared boundary,contiguity
39402,39410,shared boundary,contiguity
39403,39408,shared boundary,contiguity
39403,39409,shared boundary,contiguity
39403,39410,shared boundary,contiguity
39404,39405,shared boundary,contiguity
39404,39406,shared boundary,contiguity
39404,39407,shared boundary,contiguity
39404,39421,shared boundary,contiguity
39404,39422,shared boundary,contiguity
39405,39407,shared boundary,contiguity
39405,39422,shared boundary,contiguity
39406,39407,shared boundary,contiguity
39406,39408,shared boundary,contiguity
39407,39408,shared boundary,contiguity
39407,39409,shared boundary,contiguity
39408,39409,shared boundary,contiguity
39421,39422,shared boundary,contiguity
39421,39423,shared boundary,contiguity
39422,39423,shared boundary,contiguity
39422,39425,shared boundary,contiguity
39425,39426,shared boundary,contiguity
40100,40204,shared boundary,contiguity
40100,40213,shared boundary,contiguity
40100,40215,shared boundary,contiguity
40100,40381,shared boundary,contiguity
40100,40382,shared boundary,contiguity
40100,40402,shared boundary,contiguity
40100,40601,shared boundary,contiguity
40100,40606,shared boundary,contiguity
40100,40607,shared boundary,contiguity
40100,40621,shared boundary,contiguity
40100,40623,shared boundary,contiguity
40130,40218,shared boundary,contiguity
40130,40219,shared boundary,contiguity
40130,40305,shared boundary,contiguity
40130,40343,shared boundary,contiguity
40130,40345,shared boundary,contiguity
40130,40348,shared boundary,contiguity
40130,40349,shared boundary,contiguity
40130,40461,shared boundary,contiguity
40130,40463,shared boundary,contiguity
40130,41306,shared boundary,contiguity
40130,41324,shared boundary,contiguity
40130,41325,shared boundary,contiguity
40130,41326,shared boundary,contiguity
40202,40564,shared boundary,contiguity
40202,40581,shared boundary,contiguity
40202,43204,shared boundary,contiguity
40202,43367,shared boundary,contiguity
40203,40211,shared boundary,contiguity
40203,40216,shared boundary,contiguity
40203,40482,shared boundary,contiguity
40203,40501,shared boundary,contiguity
40203,40523,shared boundary,contiguity
40203,40542,shared boundary,contiguity
40203,40544,shared boundary,contiguity
40203,41203,shared boundary,contiguity
40203,41343,shared boundary,contiguity
40203,41344,shared boundary,contiguity
40204,40401,shared boundary,contiguity
40204,40402,shared boundary,contiguity
40204,40403,shared boundary,contiguity
40204,40428,shared boundary,contiguity
40204,40606,shared boundary,contiguity
40205,40342,shared boundary,contiguity
40205,40401,shared boundary,contiguity
40205,40403,shared boundary,contiguity
40205,40404,shared boundary,contiguity
40205,40422,shared boundary,contiguity
40205,40425,shared boundary,contiguity
40205,40426,shared boundary,contiguity
40205,40427,shared boundary,contiguity
40205,40428,shared boundary,contiguity
40206,40208,shared boundary,contiguity
40206,40427,shared boundary,contiguity
40206,40601,shared boundary,contiguity
40206,40603,shared boundary,contiguity
40206,40604,shared boundary,contiguity
40206,40605,shared boundary,contiguity
40206,40607,shared boundary,contiguity
40206,40608,shared boundary,contiguity
40207,40212,shared boundary,contiguity
40207,40522,shared boundary,contiguity
40207,40562,shared boundary,contiguity
40207,40563,shared boundary,contiguity
40207,41302,shared boundary,contiguity
40208,40422,shared boundary,contiguity
40208,40424,shared boundary,contiguity
40208,40427,shared boundary,contiguity
40208,40605,shared boundary,contiguity
40209,40424,shared boundary,contiguity
40209,40441,shared boundary,contiguity
40209,40442,shared boundary,contiguity
40209,40443,shared boundary,contiguity
40209,40444,shared boundary,contiguity
40209,40445,shared boundary,contiguity
40209,40482,shared boundary,contiguity
40209,40503,shared boundary,contiguity
40210,40211,shared boundary,contiguity
40210,40541,shared boundary,contiguity
40210,40542,shared boundary,contiguity
40210,40543,shared boundary,contiguity
40210,40544,shared boundary,contiguity
40210,40561,shared boundary,contiguity
40211,40522,shared boundary,contiguity
40211,40523,shared boundary,contiguity
40211,40544,shared boundary,contiguity
40211,40561,shared boundary,contiguity
40211,40563,shared boundary,contiguity
40212,40521,shared boundary,contiguity
40212,40522,shared boundary,contiguity
40212,41201,shared boundary,contiguity
40212,41301,shared boundary,contiguity
40212,41302,shared boundary,contiguity
40212,41322,shared boundary,contiguity
40213,40621,shared boundary,contiguity
40213,40622,shared boundary,contiguity
40213,40623,shared boundary,contiguity
40213,40624,shared boundary,contiguity
40213,40641,shared boundary,contiguity
40213,40643,shared boundary,contiguity
40214,40641,shared boundary,contiguity
40214,40642,shared boundary,contiguity
40214,40643,shared boundary,contiguity
40214,40644,shared boundary,contiguity
40214,40645,shared boundary,contiguity
40214,44503,shared boundary,contiguity
40214,44504,shared boundary,contiguity
40215,40382,shared boundary,contiguity
40215,40384,shared boundary,contiguity
40215,40402,shared boundary,contiguity
40216,40217,shared boundary,contiguity
40216,40443,shared boundary,contiguity
40216,40444,shared boundary,contiguity
40216,40501,shared boundary,contiguity
40216,40503,shared boundary,contiguity
40216,41203,shared boundary,contiguity
40216,41341,shared boundary,contiguity
40217,40219,shared boundary,contiguity
40217,40221,shared boundary,contiguity
40217,40305,shared boundary,contiguity
40217,40341,shared boundary,contiguity
40217,40425,shared boundary,contiguity
40217,40444,shared boundary,contiguity
40217,41203,shared boundary,contiguity
40217,41341,shared boundary,contiguity
40218,40219,shared boundary,contiguity
40218,40305,shared boundary,contiguity
40219,40221,shared boundary,contiguity
40219,40305,shared boundary,contiguity
40219,40341,shared boundary,contiguity
40219,40343,shared boundary,contiguity
40220,40362,shared boundary,contiguity
40220,40363,shared boundary,contiguity
40220,40364,shared boundary,contiguity
40220,40383,shared boundary,contiguity
40220,40384,shared boundary,contiguity
40220,40402,shared boundary,contiguity
40220,40403,shared boundary,contiguity
40220,40404,shared boundary,contiguity
40221,40341,shared boundary,contiguity
40305,41203,shared boundary,contiguity
40305,41324,shared boundary,contiguity
40305,41341,shared boundary,contiguity
40305,41342,shared boundary,contiguity
40341,40343,shared boundary,contiguity
40341,40344,shared boundary,contiguity
40341,40425,shared boundary,contiguity
40342,40344,shared boundary,contiguity
40342,40348,shared boundary,contiguity
40342,40349,shared boundary,contiguity
40342,40404,shared boundary,contiguity
40342,40425,shared boundary,contiguity
40343,40344,shared boundary,contiguity
40343,40349,shared boundary,contiguity
40344,40349,shared boundary,contiguity
40344,40425,shared boundary,contiguity
40345,40347,shared boundary,contiguity
40345,40348,shared boundary,contiguity
40347,40348,shared boundary,contiguity
40347,40362,shared boundary,contiguity
40347,40404,shared boundary,contiguity
40348,40349,shared boundary,contiguity
40348,40404,shared boundary,contiguity
40362,40363,shared boundary,contiguity
40362,40404,shared boundary,contiguity
40363,40364,shared boundary,contiguity
40364,40383,shared boundary,contiguity
40381,40382,shared boundary,contiguity
40381,40383,shared boundary,contiguity
40381,40384,shared boundary,contiguity
40382,40384,shared boundary,contiguity
40383,40384,shared boundary,contiguity
40383,40402,shared boundary,contiguity
40384,40402,shared boundary,contiguity
40401,40403,shared boundary,contiguity
40401,40428,shared boundary,contiguity
40402,40403,shared boundary,contiguity
40403,40404,shared boundary,contiguity
40421,40422,shared boundary,contiguity
40421,40423,shared boundary,contiguity
40421,40424,shared boundary,contiguity
40421,40425,shared boundary,contiguity
40421,40426,shared boundary,contiguity
40422,40423,shared boundary,contiguity
40422,40424,shared boundary,contiguity
40422,40426,shared boundary,contiguity
40422,40427,shared boundary,contiguity
40423,40424,shared boundary,contiguity
40424,40425,shared boundary,contiguity
40424,40444,shared boundary,contiguity
40424,40445,shared boundary,contiguity
40424,40602,shared boundary,contiguity
40424,40605,shared boundary,contiguity
40425,40426,shared boundary,contiguity
40425,40444,shared boundary,contiguity
40427,40428,shared boundary,contiguity
40427,40604,shared boundary,contiguity
40428,40603,shared boundary,contiguity
40428,40604,shared boundary,contiguity
40428,40606,shared boundary,contiguity
40441,40442,shared boundary,contiguity
40441,40445,shared boundary,contiguity
40441,40446,shared boundary,contiguity
40441,40481,shared boundary,contiguity
40441,40483,shared boundary,contiguity
40441,44204,shared boundary,contiguity
40442,40481,shared boundary,contiguity
40442,40482,shared boundary,contiguity
40443,40444,shared boundary,contiguity
40443,40503,shared boundary,contiguity
40445,40446,shared boundary,contiguity
40445,40602,shared boundary,contiguity
40446,40602,shared boundary,contiguity
40446,44204,shared boundary,contiguity
40461,40462,shared boundary,contiguity
40461,40463,shared boundary,contiguity
40461,41306,shared boundary,contiguity
40461,41382,shared boundary,contiguity
40462,41381,shared boundary,contiguity
40462,41382,shared boundary,contiguity
40481,40482,shared boundary,contiguity
40481,40483,shared boundary,contiguity
40482,40483,shared boundary,contiguity
40482,40501,shared boundary,contiguity
40482,40503,shared boundary,contiguity
40482,40542,shared boundary,contiguity
40482,40546,shared boundary,contiguity
40483,40546,shared boundary,contiguity
40483,44204,shared boundary,contiguity
40483,44481,shared boundary,contiguity
40501,40503,shared boundary,contiguity
40521,40522,shared boundary,contiguity
40521,40523,shared boundary,contiguity
40521,41322,shared boundary,contiguity
40521,41344,shared boundary,contiguity
40522,40523,shared boundary,contiguity
40522,40563,shared boundary,contiguity
40523,41344,shared boundary,contiguity
40541,40542,shared boundary,contiguity
40541,40543,shared boundary,contiguity
40541,40545,shared boundary,contiguity
40541,40546,shared boundary,contiguity
40541,43381,shared boundary,contiguity
40542,40544,shared boundary,contiguity
40542,40546,shared boundary,contiguity
40543,40561,shared boundary,contiguity
40543,40564,shared boundary,contiguity
40543,43366,shared boundary,contiguity
40543,43381,shared boundary,contiguity
40545,40546,shared boundary,contiguity
40545,43381,shared boundary,contiguity
40545,43382,shared boundary,contiguity
40545,44481,shared boundary,contiguity
40545,44482,shared boundary,contiguity
40546,44481,shared boundary,contiguity
40561,40562,shared boundary,contiguity
40561,40563,shared boundary,contiguity
40561,40564,shared boundary,contiguity
40561,40581,shared boundary,contiguity
40562,40563,shared boundary,contiguity
40562,40581,shared boundary,contiguity
40564,40581,shared boundary,contiguity
40564,43366,shared boundary,contiguity
40564,43367,shared boundary,contiguity
40601,40607,shared boundary,contiguity
40601,40608,shared boundary,contiguity
40601,40609,shared boundary,contiguity
40601,40622,shared boundary,contiguity
40601,40623,shared boundary,contiguity
40602,40605,shared boundary,contiguity
40602,40608,shared boundary,contiguity
40602,40609,shared boundary,contiguity
40602,40622,shared boundary,contiguity
40602,44204,shared boundary,contiguity
40602,44504,shared boundary,contiguity
40603,40604,shared boundary,contiguity
40603,40606,shared boundary,contiguity
40603,40607,shared boundary,contiguity
40605,40608,shared boundary,contiguity
40606,40607,shared boundary,contiguity
40608,40609,shared boundary,contiguity
40609,40622,shared boundary,contiguity
40622,40623,shared boundary,contiguity
40622,40624,shared boundary,contiguity
40622,40643,shared boundary,contiguity
40622,44504,shared boundary,contiguity
40624,40643,shared boundary,contiguity
40641,40643,shared boundary,contiguity
40642,40644,shared boundary,contiguity
40642,44203,shared boundary,contiguity
40643,44504,shared boundary,contiguity
40644,40645,shared boundary,contiguity
40644,44203,shared boundary,contiguity
40645,44203,shared boundary,contiguity
40645,44501,shared boundary,contiguity
40645,44502,shared boundary,contiguity
40645,44503,shared boundary,contiguity
41201,41301,shared boundary,contiguity
41201,41302,shared boundary,contiguity
41201,41303,shared boundary,contiguity
41201,41304,shared boundary,contiguity
41201,41305,shared boundary,contiguity
41201,41321,shared boundary,contiguity
41201,41322,shared boundary,contiguity
41201,41325,shared boundary,contiguity
41201,41362,shared boundary,contiguity
41202,41205,shared boundary,contiguity
41202,41381,shared boundary,contiguity
41202,41384,shared boundary,contiguity
41202,41385,shared boundary,contiguity
41202,41386,shared boundary,contiguity
41202,41387,shared boundary,contiguity
41202,41388,shared boundary,contiguity
41202,41389,shared boundary,contiguity
41203,41341,shared boundary,contiguity
41203,41342,shared boundary,contiguity
41203,41343,shared boundary,contiguity
41204,41205,shared boundary,contiguity
41204,41206,shared boundary,contiguity
41204,41361,shared boundary,contiguity
41204,41363,shared boundary,contiguity
41204,41383,shared boundary,contiguity
41204,41384,shared boundary,contiguity
41204,41422,shared boundary,contiguity
41204,41423,shared boundary,contiguity
41204,41424,shared boundary,contiguity
41205,41206,shared boundary,contiguity
41205,41384,shared boundary,contiguity
41205,41385,shared boundary,contiguity
41205,41386,shared boundary,contiguity
41205,41402,shared boundary,contiguity
41205,41421,shared boundary,contiguity
41205,42208,shared boundary,contiguity
41205,42393,shared boundary,contiguity
41206,41384,shared boundary,contiguity
41206,41421,shared boundary,contiguity
41206,41422,shared boundary,contiguity
41206,41425,shared boundary,contiguity
41206,41442,shared boundary,contiguity
41206,41443,shared boundary,contiguity
41206,42323,shared boundary,contiguity
41207,41427,shared boundary,contiguity
41207,41441,shared boundary,contiguity
41207,41442,shared boundary,contiguity
41207,41443,shared boundary,contiguity
41207,42205,shared boundary,contiguity
41301,41302,shared boundary,contiguity
41301,41322,shared boundary,contiguity
41302,41303,shared boundary,contiguity
41304,41362,shared boundary,contiguity
41304,41363,shared boundary,contiguity
41304,41364,shared boundary,contiguity
41305,41306,shared boundary,contiguity
41305,41325,shared boundary,contiguity
41305,41326,shared boundary,contiguity
41305,41362,shared boundary,contiguity
41306,41326,shared boundary,contiguity
41306,41361,shared boundary,contiguity
41306,41362,shared boundary,contiguity
41306,41382,shared boundary,contiguity
41306,41383,shared boundary,contiguity
41321,41322,shared boundary,contiguity
41321,41323,shared boundary,contiguity
41321,41324,shared boundary,contiguity
41321,41325,shared boundary,contiguity
41322,41323,shared boundary,contiguity
41322,41344,shared boundary,contiguity
41323,41324,shared boundary,contiguity
41323,41344,shared boundary,contiguity
41323,41345,shared boundary,contiguity
41324,41325,shared boundary,contiguity
41324,41342,shared boundary,contiguity
41324,41345,shared boundary,contiguity
41325,41326,shared boundary,contiguity
41342,41343,shared boundary,contiguity
41342,41345,shared boundary,contiguity
41343,41344,shared boundary,contiguity
41343,41345,shared boundary,contiguity
41344,41345,shared boundary,contiguity
41361,41362,shared boundary,contiguity
41361,41363,shared boundary,contiguity
41361,41383,shared boundary,contiguity
41362,41363,shared boundary,contiguity
41362,41364,shared boundary,contiguity
41363,41364,shared boundary,contiguity
41363,41424,shared boundary,contiguity
41364,41424,shared boundary,contiguity
41364,41426,shared boundary,contiguity
41381,41382,shared boundary,contiguity
41381,41383,shared boundary,contiguity
41381,41384,shared boundary,contiguity
41382,41383,shared boundary,contiguity
41383,41384,shared boundary,contiguity
41384,41385,shared boundary,contiguity
41386,41387,shared boundary,contiguity
41387,41388,shared boundary,contiguity
41388,41389,shared boundary,contiguity
41401,41402,shared boundary,contiguity
41401,41421,shared boundary,contiguity
41401,42202,shared boundary,contiguity
41401,42323,shared boundary,contiguity
41402,41421,shared boundary,contiguity
41402,42202,shared boundary,contiguity
41402,42393,shared boundary,contiguity
41421,42323,shared boundary,contiguity
41422,41423,shared boundary,contiguity
41422,41425,shared boundary,contiguity
41423,41424,shared boundary,contiguity
41423,41425,shared boundary,contiguity
41424,41425,shared boundary,contiguity
41424,41426,shared boundary,contiguity
41425,41426,shared boundary,contiguity
41425,41427,shared boundary,contiguity
41425,41442,shared boundary,contiguity
41427,41442,shared boundary,contiguity
41441,42205,shared boundary,contiguity
41441,42343,shared boundary,contiguity
41441,42344,shared boundary,contiguity
41442,41443,shared boundary,contiguity
41443,42205,shared boundary,contiguity
41443,42321,shared boundary,contiguity
41443,42322,shared boundary,contiguity
41443,42323,shared boundary,contiguity
42201,42204,shared boundary,contiguity
42201,42301,shared boundary,contiguity
42201,42305,shared boundary,contiguity
42201,42306,shared boundary,contiguity
42201,42307,shared boundary,contiguity
42201,42308,shared boundary,contiguity
42201,42309,shared boundary,contiguity
42201,42315,shared boundary,contiguity
42201,42342,shared boundary,contiguity
42202,42310,shared boundary,contiguity
42202,42322,shared boundary,contiguity
42202,42323,shared boundary,contiguity
42202,42390,shared boundary,contiguity
42202,42391,shared boundary,contiguity
42202,42392,shared boundary,contiguity
42202,42393,shared boundary,contiguity
42203,42361,shared boundary,contiguity
42203,42362,shared boundary,contiguity
42203,42366,shared boundary,contiguity
42203,42367,shared boundary,contiguity
42203,42376,shared boundary,contiguity
42204,42205,shared boundary,contiguity
42204,42306,shared boundary,contiguity
42204,42341,shared boundary,contiguity
42204,42342,shared boundary,contiguity
42204,42343,shared boundary,contiguity
42205,42321,shared boundary,contiguity
42205,42343,shared boundary,contiguity
42206,42401,shared boundary,contiguity
42206,42404,shared boundary,contiguity
42208,42385,shared boundary,contiguity
42208,42388,shared boundary,contiguity
42208,42392,shared boundary,contiguity
42208,42393,shared boundary,contiguity
42304,42305,shared boundary,contiguity
42306,42307,shared boundary,contiguity
42307,42308,shared boundary,contiguity
42308,42309,shared boundary,contiguity
42309,42310,shared boundary,contiguity
42309,42314,shared boundary,contiguity
42309,42315,shared boundary,contiguity
42310,42311,shared boundary,contiguity
42310,42314,shared boundary,contiguity
42311,42314,shared boundary,contiguity
42314,42315,shared boundary,contiguity
42321,42322,shared boundary,contiguity
42322,42323,shared boundary,contiguity
42341,42364,shared boundary,contiguity
42341,42365,shared boundary,contiguity
42343,42344,shared boundary,contiguity
42361,42362,shared boundary,contiguity
42362,42363,shared boundary,contiguity
42362,42366,shared boundary,contiguity
42362,42367,shared boundary,contiguity
42363,42364,shared boundary,contiguity
42363,42366,shared boundary,contiguity
42364,42365,shared boundary,contiguity
42364,42366,shared boundary,contiguity
42365,42366,shared boundary,contiguity
42366,42367,shared boundary,contiguity
42367,42368,shared boundary,contiguity
42367,42372,shared boundary,contiguity
42367,42373,shared boundary,contiguity
42367,42374,shared boundary,contiguity
42367,42375,shared boundary,contiguity
42367,42376,shared boundary,contiguity
42368,42369,shared boundary,contiguity
42368,42371,shared boundary,contiguity
42368,42372,shared boundary,contiguity
42369,42370,shared boundary,contiguity
42369,42371,shared boundary,contiguity
42370,42371,shared boundary,contiguity
42371,42372,shared boundary,contiguity
42372,42373,shared boundary,contiguity
42373,42374,shared boundary,contiguity
42374,42375,shared boundary,contiguity
42374,42376,shared boundary,contiguity
42375,42376,shared boundary,contiguity
42385,42388,shared boundary,contiguity
42388,42389,shared boundary,contiguity
42388,42391,shared boundary,contiguity
42388,42392,shared boundary,contiguity
42389,42390,shared boundary,contiguity
42389,42391,shared boundary,contiguity
42390,42391,shared boundary,contiguity
42391,42392,shared boundary,contiguity
42392,42393,shared boundary,contiguity
42401,42402,shared boundary,contiguity
42401,42404,shared boundary,contiguity
42402,42403,shared boundary,contiguity
42402,42404,shared boundary,contiguity
42403,42404,shared boundary,contiguity
42406,42407,shared boundary,contiguity
42406,42409,shared boundary,contiguity
42406,42410,shared boundary,contiguity
42407,42408,shared boundary,contiguity
42407,42409,shared boundary,contiguity
42408,42409,shared boundary,contiguity
42409,42410,shared boundary,contiguity
42421,42422,shared boundary,contiguity
42421,42423,shared boundary,contiguity
42421,42424,shared boundary,contiguity
42422,42423,shared boundary,contiguity
42423,42424,shared boundary,contiguity
42441,42442,shared boundary,contiguity
42442,42443,shared boundary,contiguity
42443,42444,shared boundary,contiguity
42444,42445,shared boundary,contiguity
42444,42446,shared boundary,contiguity
42445,42446,shared boundary,contiguity
43201,43301,shared boundary,contiguity
43201,43302,shared boundary,contiguity
43201,43303,shared boundary,contiguity
43201,43304,shared boundary,contiguity
43201,43342,shared boundary,contiguity
43201,43404,shared boundary,contiguity
43201,43407,shared boundary,contiguity
43201,43442,shared boundary,contiguity
43201,43443,shared boundary,contiguity
43202,43461,shared boundary,contiguity
43202,43462,shared boundary,contiguity
43202,43463,shared boundary,contiguity
43202,43465,shared boundary,contiguity
43202,43466,shared boundary,contiguity
43202,43481,shared boundary,contiguity
43202,43482,shared boundary,contiguity
43203,43501,shared boundary,contiguity
43203,43510,shared boundary,contiguity
43203,43512,shared boundary,contiguity
43203,43513,shared boundary,contiguity
43203,45209,shared boundary,contiguity
43203,46209,shared boundary,contiguity
43204,43206,shared boundary,contiguity
43204,43361,shared boundary,contiguity
43204,43367,shared boundary,contiguity
43204,43368,shared boundary,contiguity
43205,43482,shared boundary,contiguity
43205,43484,shared boundary,contiguity
43205,43513,shared boundary,contiguity
43205,46208,shared boundary,contiguity
43205,46209,shared boundary,contiguity
43206,43361,shared boundary,contiguity
43206,43362,shared boundary,contiguity
43206,43363,shared boundary,contiguity
43206,43364,shared boundary,contiguity
43206,43365,shared boundary,contiguity
43206,43367,shared boundary,contiguity
43207,43523,shared boundary,contiguity
43207,43528,shared boundary,contiguity
43207,43529,shared boundary,contiguity
43207,43530,shared boundary,contiguity
43207,43531,shared boundary,contiguity
43207,43532,shared boundary,contiguity
43207,43533,shared boundary,contiguity
43208,43365,shared boundary,contiguity
43208,43366,shared boundary,contiguity
43208,43381,shared boundary,contiguity
43208,43382,shared boundary,contiguity
43208,43383,shared boundary,contiguity
43208,43384,shared boundary,contiguity
43209,43532,shared boundary,contiguity
43209,43533,shared boundary,contiguity
43210,43382,shared boundary,contiguity
43210,43401,shared boundary,contiguity
43210,43402,shared boundary,contiguity
43210,43406,shared boundary,contiguity
43210,43422,shared boundary,contiguity
43210,44482,shared boundary,contiguity
43210,44483,shared boundary,contiguity
43211,43304,shared boundary,contiguity
43211,43321,shared boundary,contiguity
43211,43322,shared boundary,contiguity
43211,43341,shared boundary,contiguity
43211,43342,shared boundary,contiguity
43211,43343,shared boundary,contiguity
43301,43302,shared boundary,contiguity
43301,43385,shared boundary,contiguity
43301,43407,shared boundary,contiguity
43302,43362,shared boundary,contiguity
43302,43363,shared boundary,contiguity
43302,43364,shared boundary,contiguity
43302,43385,shared boundary,contiguity
43303,43304,shared boundary,contiguity
43304,43342,shared boundary,contiguity
43321,43322,shared boundary,contiguity
43321,43521,Amakusa bridges,within block
43322,43343,shared boundary,contiguity
43341,43342,shared boundary,contiguity
43341,43343,shared boundary,contiguity
43341,43345,shared boundary,contiguity
43341,43441,shared boundary,contiguity
43341,43442,shared boundary,contiguity
43341,43444,shared boundary,contiguity
43342,43442,shared boundary,contiguity
43343,43344,shared boundary,contiguity
43343,43345,shared boundary,contiguity
43344,43345,shared boundary,contiguity
43344,43346,shared boundary,contiguity
43344,43464,shared boundary,contiguity
43344,43466,shared boundary,contiguity
43344,43467,shared boundary,contiguity
43345,43346,shared boundary,contiguity
43345,43444,shared boundary,contiguity
43346,43347,shared boundary,contiguity
43346,43444,shared boundary,contiguity
43346,43467,shared boundary,contiguity
43347,43441,shared boundary,contiguity
43347,43444,shared boundary,contiguity
43347,43445,shared boundary,contiguity
43347,43467,shared boundary,contiguity
43361,43368,shared boundary,contiguity
43362,43363,shared boundary,contiguity
43363,43364,shared boundary,contiguity
43364,43365,shared boundary,contiguity
43364,43384,shared boundary,contiguity
43364,43385,shared boundary,contiguity
43365,43366,shared boundary,contiguity
43365,43367,shared boundary,contiguity
43365,43384,shared boundary,contiguity
43366,43367,shared boundary,contiguity
43366,43381,shared boundary,contiguity
43381,43382,shared boundary,contiguity
43382,43383,shared boundary,contiguity
43382,43401,shared boundary,contiguity
43382,44482,shared boundary,contiguity
43383,43384,shared boundary,contiguity
43383,43385,shared boundary,contiguity
43383,43401,shared boundary,contiguity
43384,43385,shared boundary,contiguity
43385,43401,shared boundary,contiguity
43385,43406,shared boundary,contiguity
43385,43407,shared boundary,contiguity
43401,43406,shared boundary,contiguity
43402,43403,shared boundary,contiguity
43402,43405,shared boundary,contiguity
43402,43406,shared boundary,contiguity
43402,43422,shared boundary,contiguity
43403,43404,shared boundary,contiguity
43403,43405,shared boundary,contiguity
43403,43422,shared boundary,contiguity
43403,43430,shared boundary,contiguity
43403,43431,shared boundary,contiguity
43403,43432,shared boundary,contiguity
43403,43443,shared boundary,contiguity
43404,43405,shared boundary,contiguity
43404,43407,shared boundary,contiguity
43404,43443,shared boundary,contiguity
43405,43406,shared boundary,contiguity
43405,43407,shared boundary,contiguity
43406,43407,shared boundary,contiguity
43421,43422,shared boundary,contiguity
43421,43423,shared boundary,contiguity
43421,43425,shared boundary,contiguity
43421,43426,shared boundary,contiguity
43421,43428,shared boundary,contiguity
43421,43429,shared boundary,contiguity
43422,43423,shared boundary,contiguity
43422,43429,shared boundary,contiguity
43422,43431,shared boundary,contiguity
43422,44483,shared boundary,contiguity
43423,43424,shared boundary,contiguity
43423,43425,shared boundary,contiguity
43423,44442,shared boundary,contiguity
43423,44461,shared boundary,contiguity
43423,44483,shared boundary,contiguity
43424,44461,shared boundary,contiguity
43424,44462,shared boundary,contiguity
43424,44482,shared boundary,contiguity
43424,44483,shared boundary,contiguity
43424,44484,shared boundary,contiguity
43424,44485,shared boundary,contiguity
43425,43426,shared boundary,contiguity
43425,44208,shared boundary,contiguity
43425,44442,shared boundary,contiguity
43426,43428,shared boundary,contiguity
43426,44208,shared boundary,contiguity
43426,44441,shared boundary,contiguity
43427,43428,shared boundary,contiguity
43427,43429,shared boundary,contiguity
43427,43446,shared boundary,contiguity
43427,45441,shared boundary,contiguity
43427,45443,shared boundary,contiguity
43428,43429,shared boundary,contiguity
43428,44208,shared boundary,contiguity
43428,44441,shared boundary,contiguity
43428,45441,shared boundary,contiguity
43429,43430,shared boundary,contiguity
43429,43431,shared boundary,contiguity
43429,43446,shared boundary,contiguity
43430,43431,shared boundary,contiguity
43430,43432,shared boundary,contiguity
43430,43445,shared boundary,contiguity
43430,43446,shared boundary,contiguity
43432,43441,shared boundary,contiguity
43432,43443,shared boundary,contiguity
43432,43445,shared boundary,contiguity
43441,43442,shared boundary,contiguity
43441,43443,shared boundary,contiguity
43441,43444,shared boundary,contiguity
43441,43445,shared boundary,contiguity
43442,43443,shared boundary,contiguity
43445,43446,shared boundary,contiguity
43445,43467,shared boundary,contiguity
43445,45430,shared boundary,contiguity
43446,45430,shared boundary,contiguity
43446,45443,shared boundary,contiguity
43461,43466,shared boundary,contiguity
43461,43482,shared boundary,contiguity
43461,43511,shared boundary,contiguity
43461,43512,shared boundary,contiguity
43461,43513,shared boundary,contiguity
43462,43463,shared boundary,contiguity
43463,43464,shared boundary,contiguity
43463,43465,shared boundary,contiguity
43464,43465,shared boundary,contiguity
43464,43466,shared boundary,contiguity
43465,43466,shared boundary,contiguity
43466,43467,shared boundary,contiguity
43466,43511,shared boundary,contiguity
43467,43507,shared boundary,contiguity
43467,43511,shared boundary,contiguity
43467,45430,shared boundary,contiguity
43481,43482,shared boundary,contiguity
43482,43484,shared boundary,contiguity
43482,43513,shared boundary,contiguity
43501,43502,shared boundary,contiguity
43501,43503,shared boundary,contiguity
43501,43509,shared boundary,contiguity
43501,43510,shared boundary,contiguity
43501,45209,shared boundary,contiguity
43502,43503,shared boundary,contiguity
43502,43504,shared boundary,contiguity
43502,43505,shared boundary,contiguity
43502,45205,shared boundary,contiguity
43502,45209,shared boundary,contiguity
43503,43504,shared boundary,contiguity
43503,43505,shared boundary,contiguity
43503,43508,shared boundary,contiguity
43503,43509,shared boundary,contiguity
43504,43505,shared boundary,contiguity
43505,43506,shared boundary,contiguity
43505,43507,shared boundary,contiguity
43505,43508,shared boundary,contiguity
43505,43510,shared boundary,contiguity
43505,43511,shared boundary,contiguity
43505,45205,shared boundary,contiguity
43505,45363,shared boundary,contiguity
43505,45403,shared boundary,contiguity
43506,43507,shared boundary,contiguity
43506,45403,shared boundary,contiguity
43507,43511,shared boundary,contiguity
43507,45403,shared boundary,contiguity
43507,45430,shared boundary,contiguity
43508,43509,shared boundary,contiguity
43508,43510,shared boundary,contiguity
43509,43510,shared boundary,contiguity
43510,43511,shared boundary,contiguity
43510,43512,shared boundary,contiguity
43511,43512,shared boundary,contiguity
43512,43513,shared boundary,contiguity
43513,46209,shared boundary,contiguity
43522,43523,shared boundary,contiguity
43522,43524,shared boundary,contiguity
43522,43527,shared boundary,contiguity
43522,43528,shared boundary,contiguity
43523,43528,shared boundary,contiguity
43524,43525,shared boundary,contiguity
43524,43527,shared boundary,contiguity
43525,43527,shared boundary,contiguity
43527,43528,shared boundary,contiguity
43529,43533,shared boundary,contiguity
43530,43531,shared boundary,contiguity
43531,43532,shared boundary,contiguity
43532,43533,shared boundary,contiguity
44201,44202,shared boundary,contiguity
44201,44206,shared boundary,contiguity
44201,44361,shared boundary,contiguity
44201,44362,shared boundary,contiguity
44201,44381,shared boundary,contiguity
44201,44421,shared boundary,contiguity
44201,44426,shared boundary,contiguity
44201,44428,shared boundary,contiguity
44202,44341,shared boundary,contiguity
44202,44362,shared boundary,contiguity
44202,44363,shared boundary,contiguity
44202,44364,shared boundary,contiguity
44202,44522,shared boundary,contiguity
44203,44211,shared boundary,contiguity
44203,44501,shared boundary,contiguity
44204,44462,shared boundary,contiguity
44204,44481,shared boundary,contiguity
44204,44484,shared boundary,contiguity
44204,44485,shared boundary,contiguity
44204,44504,shared boundary,contiguity
44205,44207,shared boundary,contiguity
44205,44401,shared boundary,contiguity
44205,44402,shared boundary,contiguity
44205,44405,shared boundary,contiguity
44205,44406,shared boundary,contiguity
44205,44407,shared boundary,contiguity
44205,44408,shared boundary,contiguity
44205,45427,shared boundary,contiguity
44205,45428,shared boundary,contiguity
44206,44207,shared boundary,contiguity
44206,44381,shared boundary,contiguity
44206,44402,shared boundary,contiguity
44206,44421,shared boundary,contiguity
44207,44401,shared boundary,contiguity
44207,44402,shared boundary,contiguity
44208,44424,shared boundary,contiguity
44208,44425,shared boundary,contiguity
44208,44441,shared boundary,contiguity
44208,44442,shared boundary,contiguity
44208,44443,shared boundary,contiguity
44208,45441,shared boundary,contiguity
44209,44211,shared boundary,contiguity
44209,44301,shared boundary,contiguity
44209,44302,shared boundary,contiguity
44209,44321,shared boundary,contiguity
44209,44325,shared boundary,contiguity
44209,44342,shared boundary,contiguity
44210,44301,shared boundary,contiguity
44210,44325,shared boundary,contiguity
44210,44341,shared boundary,contiguity
44210,44342,shared boundary,contiguity
44211,44342,shared boundary,contiguity
44211,44501,shared boundary,contiguity
44211,44502,shared boundary,contiguity
44211,44521,shared boundary,contiguity
44211,44522,shared boundary,contiguity
44301,44325,shared boundary,contiguity
44301,44342,shared boundary,contiguity
44302,44303,shared boundary,contiguity
44302,44321,shared boundary,contiguity
44303,44321,shared boundary,contiguity
44321,44323,shared boundary,contiguity
44321,44325,shared boundary,contiguity
44323,44324,shared boundary,contiguity
44323,44325,shared boundary,contiguity
44324,44325,shared boundary,contiguity
44341,44342,shared boundary,contiguity
44341,44522,shared boundary,contiguity
44342,44522,shared boundary,contiguity
44361,44362,shared boundary,contiguity
44361,44363,shared boundary,contiguity
44361,44425,shared boundary,contiguity
44361,44426,shared boundary,contiguity
44361,44443,shared boundary,contiguity
44362,44363,shared boundary,contiguity
44363,44364,shared boundary,contiguity
44363,44442,shared boundary,contiguity
44363,44443,shared boundary,contiguity
44363,44461,shared boundary,contiguity
44364,44461,shared boundary,contiguity
44364,44462,shared boundary,contiguity
44364,44522,shared boundary,contiguity
44401,44402,shared boundary,contiguity
44402,44403,shared boundary,contiguity
44402,44405,shared boundary,contiguity
44402,44421,shared boundary,contiguity
44403,44404,shared boundary,contiguity
44403,44405,shared boundary,contiguity
44403,44421,shared boundary,contiguity
44403,44422,shared boundary,contiguity
44404,44405,shared boundary,contiguity
44404,44422,shared boundary,contiguity
44404,44424,shared boundary,contiguity
44404,45427,shared boundary,contiguity
44404,45442,shared boundary,contiguity
44405,45427,shared boundary,contiguity
44406,44407,shared boundary,contiguity
44407,44408,shared boundary,contiguity
44408,45428,shared boundary,contiguity
44421,44422,shared boundary,contiguity
44421,44428,shared boundary,contiguity
44422,44423,shared boundary,contiguity
44422,44424,shared boundary,contiguity
44422,44426,shared boundary,contiguity
44422,44427,shared boundary,contiguity
44422,44428,shared boundary,contiguity
44422,45442,shared boundary,contiguity
44423,44424,shared boundary,contiguity
44423,44426,shared boundary,contiguity
44424,44425,shared boundary,contiguity
44424,44426,shared boundary,contiguity
44424,45441,shared boundary,contiguity
44424,45442,shared boundary,contiguity
44425,44426,shared boundary,contiguity
44425,44443,shared boundary,contiguity
44426,44427,shared boundary,contiguity
44426,44428,shared boundary,contiguity
44427,44428,shared boundary,contiguity
44442,44443,shared boundary,contiguity
44442,44461,shared boundary,contiguity
44461,44462,shared boundary,contiguity
44462,44485,shared boundary,contiguity
44462,44503,shared boundary,contiguity
44462,44504,shared boundary,contiguity
44462,44521,shared boundary,contiguity
44462,44522,shared boundary,contiguity
44481,44482,shared boundary,contiguity
44481,44484,shared boundary,contiguity
44482,44483,shared boundary,contiguity
44482,44484,shared boundary,contiguity
44484,44485,shared boundary,contiguity
44501,44502,shared boundary,contiguity
44502,44503,shared boundary,contiguity
44502,44521,shared boundary,contiguity
44503,44504,shared boundary,contiguity
44503,44521,shared boundary,contiguity
44521,44522,shared boundary,contiguity
45201,45204,shared boundary,contiguity
45201,45301,shared boundary,contiguity
45201,45302,shared boundary,contiguity
45201,45303,shared boundary,contiguity
45201,45321,shared boundary,contiguity
45201,45381,shared boundary,contiguity
45201,45382,shared boundary,contiguity
45202,45204,shared boundary,contiguity
45202,45205,shared boundary,contiguity
45202,45207,shared boundary,contiguity
45202,45341,shared boundary,contiguity
45202,45343,shared boundary,contiguity
45202,45344,shared boundary,contiguity
45202,45345,shared boundary,contiguity
45202,45361,shared boundary,contiguity
45202,46449,shared boundary,contiguity
45202,46463,shared boundary,contiguity
45202,46464,shared boundary,contiguity
45202,46466,shared boundary,contiguity
45203,45421,shared boundary,contiguity
45203,45426,shared boundary,contiguity
45203,45427,shared boundary,contiguity
45203,45428,shared boundary,contiguity
45204,45207,shared boundary,contiguity
45204,45321,shared boundary,contiguity
45204,45322,shared boundary,contiguity
45204,45341,shared boundary,contiguity
45205,45209,shared boundary,contiguity
45205,45361,shared boundary,contiguity
45205,45362,shared boundary,contiguity
45205,45363,shared boundary,contiguity
45205,46448,shared boundary,contiguity
45205,46449,shared boundary,contiguity
45206,45406,shared boundary,contiguity
45206,45421,shared boundary,contiguity
45206,45422,shared boundary,contiguity
45207,45322,shared boundary,contiguity
45207,46466,shared boundary,contiguity
45208,45303,shared boundary,contiguity
45208,45382,shared boundary,contiguity
45208,45401,shared boundary,contiguity
45208,45402,shared boundary,contiguity
45208,45403,shared boundary,contiguity
45208,45404,shared boundary,contiguity
45208,45423,shared boundary,contiguity
45208,45430,shared boundary,contiguity
45209,46209,shared boundary,contiguity
45209,46421,shared boundary,contiguity
45209,46446,shared boundary,contiguity
45209,46447,shared boundary,contiguity
45209,46448,shared boundary,contiguity
45209,46449,shared boundary,contiguity
45301,45302,shared boundary,contiguity
45301,45321,shared boundary,contiguity
45302,45321,shared boundary,contiguity
45302,45341,shared boundary,contiguity
45302,45342,shared boundary,contiguity
45302,45381,shared boundary,contiguity
45303,45382,shared boundary,contiguity
45303,45402,shared boundary,contiguity
45321,45341,shared boundary,contiguity
45341,45342,shared boundary,contiguity
45341,45343,shared boundary,contiguity
45342,45343,shared boundary,contiguity
45342,45381,shared boundary,contiguity
45343,45345,shared boundary,contiguity
45343,45362,shared boundary,contiguity
45343,45381,shared boundary,contiguity
45344,45345,shared boundary,contiguity
45344,45361,shared boundary,contiguity
45345,45361,shared boundary,contiguity
45345,45362,shared boundary,contiguity
45361,45362,shared boundary,contiguity
45361,46449,shared boundary,contiguity
45362,45363,shared boundary,contiguity
45362,45381,shared boundary,contiguity
45362,45383,shared boundary,contiguity
45363,45383,shared boundary,contiguity
45363,45403,shared boundary,contiguity
45381,45382,shared boundary,contiguity
45381,45383,shared boundary,contiguity
45382,45383,shared boundary,contiguity
45382,45403,shared boundary,contiguity
45383,45403,shared boundary,contiguity
45401,45402,shared boundary,contiguity
45401,45404,shared boundary,contiguity
45401,45405,shared boundary,contiguity
45403,45430,shared boundary,contiguity
45404,45405,shared boundary,contiguity
45404,45406,shared boundary,contiguity
45404,45422,shared boundary,contiguity
45404,45423,shared boundary,contiguity
45405,45406,shared boundary,contiguity
45406,45422,shared boundary,contiguity
45421,45422,shared boundary,contiguity
45421,45425,shared boundary,contiguity
45421,45426,shared boundary,contiguity
45422,45423,shared boundary,contiguity
45422,45424,shared boundary,contiguity
45422,45425,shared boundary,contiguity
45423,45424,shared boundary,contiguity
45423,45430,shared boundary,contiguity
45424,45425,shared boundary,contiguity
45424,45429,shared boundary,contiguity
45424,45430,shared boundary,contiguity
45425,45426,shared boundary,contiguity
45425,45429,shared boundary,contiguity
45425,45442,shared boundary,contiguity
45426,45427,shared boundary,contiguity
45426,45442,shared boundary,contiguity
45427,45428,shared boundary,contiguity
45427,45442,shared boundary,contiguity
45429,45430,shared boundary,contiguity
45429,45441,shared boundary,contiguity
45429,45442,shared boundary,contiguity
45429,45443,shared boundary,contiguity
45430,45443,shared boundary,contiguity
45441,45442,shared boundary,contiguity
45441,45443,shared boundary,contiguity
46201,46214,shared boundary,contiguity
46201,46301,shared boundary,contiguity
46201,46302,shared boundary,contiguity
46201,46321,shared boundary,contiguity
46201,46344,shared boundary,contiguity
46201,46345,shared boundary,contiguity
46201,46363,shared boundary,contiguity
46201,46364,shared boundary,contiguity
46201,46365,shared boundary,contiguity
46201,46367,shared boundary,contiguity
46201,46368,shared boundary,contiguity
46201,46442,shared boundary,contiguity
46202,46205,shared boundary,contiguity
46202,46206,shared boundary,contiguity
46202,46381,shared boundary,contiguity
46202,46383,shared boundary,contiguity
46203,46214,shared boundary,contiguity
46203,46462,shared boundary,contiguity
46203,46468,shared boundary,contiguity
46203,46481,shared boundary,contiguity
46203,46484,shared boundary,contiguity
46203,46485,shared boundary,contiguity
46203,46486,shared boundary,contiguity
46204,46211,shared boundary,contiguity
46204,46343,shared boundary,contiguity
46204,46344,shared boundary,contiguity
46204,46345,shared boundary,contiguity
46205,46361,shared boundary,contiguity
46205,46362,shared boundary,contiguity
46205,46381,shared boundary,contiguity
46206,46383,shared boundary,contiguity
46206,46401,shared boundary,contiguity
46206,46402,shared boundary,contiguity
46206,46403,Kuronoseto Bridge,within block
46207,46523,shared boundary,contiguity
46207,46526,shared boundary,contiguity
46207,46527,shared boundary,contiguity
46208,46209,shared boundary,contiguity
46208,46384,shared boundary,contiguity
46208,46385,shared boundary,contiguity
46208,46401,shared boundary,contiguity
46208,46402,shared boundary,contiguity
46209,46385,shared boundary,contiguity
46209,46386,shared boundary,contiguity
46209,46421,shared boundary,contiguity
46210,46321,shared boundary,contiguity
46210,46322,shared boundary,contiguity
46210,46323,shared boundary,contiguity
46210,46324,shared boundary,contiguity
46211,46342,shared boundary,contiguity
46211,46343,shared boundary,contiguity
46211,46345,shared boundary,contiguity
46211,46368,shared boundary,contiguity
46212,46449,shared boundary,contiguity
46212,46450,shared boundary,contiguity
46212,46451,shared boundary,contiguity
46212,46463,shared boundary,contiguity
46213,46501,shared boundary,contiguity
46214,46451,shared boundary,contiguity
46214,46462,shared boundary,contiguity
46301,46365,shared boundary,contiguity
46301,46442,shared boundary,contiguity
46301,46443,shared boundary,contiguity
46321,46323,shared boundary,contiguity
46321,46344,shared boundary,contiguity
46322,46324,shared boundary,contiguity
46323,46324,shared boundary,contiguity
46323,46344,shared boundary,contiguity
46341,46342,shared boundary,contiguity
46341,46343,shared boundary,contiguity
46342,46343,shared boundary,contiguity
46344,46345,shared boundary,contiguity
46345,46368,shared boundary,contiguity
46361,46362,shared boundary,contiguity
46361,46381,shared boundary,contiguity
46362,46363,shared boundary,contiguity
46362,46365,shared boundary,contiguity
46362,46366,shared boundary,contiguity
46362,46381,shared boundary,contiguity
46363,46364,shared boundary,contiguity
46363,46365,shared boundary,contiguity
46363,46366,shared boundary,contiguity
46364,46366,shared boundary,contiguity
46364,46367,shared boundary,contiguity
46365,46381,shared boundary,contiguity
46365,46382,shared boundary,contiguity
46365,46443,shared boundary,contiguity
46366,46367,shared boundary,contiguity
46367,46368,shared boundary,contiguity
46381,46382,shared boundary,contiguity
46381,46383,shared boundary,contiguity
46381,46384,shared boundary,contiguity
46382,46384,shared boundary,contiguity
46382,46387,shared boundary,contiguity
46382,46443,shared boundary,contiguity
46383,46384,shared boundary,contiguity
46383,46401,shared boundary,contiguity
46383,46402,shared boundary,contiguity
46384,46385,shared boundary,contiguity
46384,46386,shared boundary,contiguity
46384,46387,shared boundary,contiguity
46384,46402,shared boundary,contiguity
46385,46386,shared boundary,contiguity
46386,46387,shared boundary,contiguity
46386,46421,shared boundary,contiguity
46386,46442,shared boundary,contiguity
46386,46445,shared boundary,contiguity
46386,46446,shared boundary,contiguity
46387,46442,shared boundary,contiguity
46387,46443,shared boundary,contiguity
46388,46389,shared boundary,contiguity
46390,46391,shared boundary,contiguity
46401,46402,shared boundary,contiguity
46403,46404,shared boundary,contiguity
46421,46446,shared boundary,contiguity
46421,46447,shared boundary,contiguity
46441,46442,shared boundary,contiguity
46441,46444,shared boundary,contiguity
46441,46450,shared boundary,contiguity
46442,46443,shared boundary,contiguity
46442,46444,shared boundary,contiguity
46442,46445,shared boundary,contiguity
46444,46445,shared boundary,contiguity
46444,46450,shared boundary,contiguity
46445,46446,shared boundary,contiguity
46445,46448,shared boundary,contiguity
46445,46450,shared boundary,contiguity
46446,46447,shared boundary,contiguity
46446,46448,shared boundary,contiguity
46448,46449,shared boundary,contiguity
46448,46450,shared boundary,contiguity
46449,46450,shared boundary,contiguity
46449,46463,shared boundary,contiguity
46451,46461,shared boundary,contiguity
46451,46462,shared boundary,contiguity
46451,46463,shared boundary,contiguity
46451,46464,shared boundary,contiguity
46461,46462,shared boundary,contiguity
46461,46464,shared boundary,contiguity
46461,46465,shared boundary,contiguity
46461,46467,shared boundary,contiguity
46461,46468,shared boundary,contiguity
46462,46468,shared boundary,contiguity
46463,46464,shared boundary,contiguity
46464,46465,shared boundary,contiguity
46464,46466,shared boundary,contiguity
46465,46466,shared boundary,contiguity
46465,46467,shared boundary,contiguity
46466,46467,shared boundary,contiguity
46467,46468,shared boundary,contiguity
46468,46481,shared boundary,contiguity
46468,46482,shared boundary,contiguity
46481,46482,shared boundary,contiguity
46481,46484,shared boundary,contiguity
46482,46484,shared boundary,contiguity
46483,46484,shared boundary,contiguity
46483,46486,shared boundary,contiguity
46483,46488,shared boundary,contiguity
46483,46489,shared boundary,contiguity
46484,46485,shared boundary,contiguity
46484,46486,shared boundary,contiguity
46485,46486,shared boundary,contiguity
46486,46487,shared boundary,contiguity
46486,46488,shared boundary,contiguity
46487,46488,shared boundary,contiguity
46487,46489,shared boundary,contiguity
46488,46489,shared boundary,contiguity
46501,46502,shared boundary,contiguity
46503,46504,shared boundary,contiguity
46523,46524,shared boundary,contiguity
46523,46526,shared boundary,contiguity
46524,46525,shared boundary,contiguity
46524,46526,shared boundary,contiguity
46525,46526,shared boundary,contiguity
46527,46528,shared boundary,contiguity
46530,46531,shared boundary,contiguity
46530,46532,shared boundary,contiguity
46531,46532,shared boundary,contiguity
46533,46534,shared boundary,contiguity
47201,47208,shared boundary,contiguity
47201,47329,shared boundary,contiguity
47201,47341,shared boundary,contiguity
47201,47350,shared boundary,contiguity
47202,47203,shared boundary,contiguity
47202,47211,shared boundary,contiguity
47202,47311,shared boundary,contiguity
47202,47314,shared boundary,contiguity
47203,47211,shared boundary,contiguity
47203,47322,shared boundary,contiguity
47203,47323,shared boundary,contiguity
47205,47208,shared boundary,contiguity
47205,47326,shared boundary,contiguity
47205,47327,shared boundary,contiguity
47205,47328,shared boundary,contiguity
47205,47329,shared boundary,contiguity
47206,47371,shared boundary,contiguity
47206,47372,shared boundary,contiguity
47206,47373,shared boundary,contiguity
47208,47329,shared boundary,contiguity
47209,47302,shared boundary,contiguity
47209,47303,shared boundary,contiguity
47209,47306,shared boundary,contiguity
47209,47308,shared boundary,contiguity
47209,47311,shared boundary,contiguity
47209,47313,shared boundary,contiguity
47210,47341,shared boundary,contiguity
47210,47343,shared boundary,contiguity
47210,47344,shared boundary,contiguity
47211,47311,shared boundary,contiguity
47211,47324,shared boundary,contiguity
47211,47325,shared boundary,contiguity
47211,47326,shared boundary,contiguity
47211,47327,shared boundary,contiguity
47301,47302,shared boundary,contiguity
47301,47303,shared boundary,contiguity
47302,47303,shared boundary,contiguity
47306,47308,shared boundary,contiguity
47311,47313,shared boundary,contiguity
47311,47314,shared boundary,contiguity
47311,47324,shared boundary,contiguity
47313,47314,shared boundary,contiguity
47322,47323,shared boundary,contiguity
47324,47325,shared boundary,contiguity
47325,47326,shared boundary,contiguity
47326,47327,shared boundary,contiguity
47327,47328,shared boundary,contiguity
47328,47329,shared boundary,contiguity
47329,47348,shared boundary,contiguity
47329,47350,shared boundary,contiguity
47341,47343,shared boundary,contiguity
47341,47350,shared boundary,contiguity
47343,47344,shared boundary,contiguity
47343,47349,shared boundary,contiguity
47343,47350,shared boundary,contiguity
47344,47345,shared boundary,contiguity
47344,47349,shared boundary,contiguity
47345,47346,shared boundary,contiguity
47345,47347,shared boundary,contiguity
47345,47349,shared boundary,contiguity
47346,47347,shared boundary,contiguity
47347,47348,shared boundary,contiguity
47347,47349,shared boundary,contiguity
47348,47349,shared boundary,contiguity
47348,47350,shared boundary,contiguity
47349,47350,shared boundary,contiguity
47351,47352,shared boundary,contiguity
47371,47373,shared boundary,contiguity
47372,47373,shared boundary,contiguity
